{
    "animation": [
        {
            "name": "Root",
            "time": [0.0, 0.25, 0.3167, 0.35, 0.5333, 0.6167, 0.7667, 0.8667, 1.0],
            "transform": [
                [1.0, 0.0, 0.0, -5e-06, 0.0, -0.012594, -0.999921, -0.037928, 0.0, 0.999921, -0.012594, 0.74019, 0.0, 0.0, 0.0, 1.0],
                [0.99086, -0.006603, -0.134734, -0.0011, -0.134437, -0.130639, -0.982273, 0.296632, -0.011115, 0.991408, -0.130333, 0.660661, 0.0, 0.0, 0.0, 1.0],
                [0.482545, 0.112283, 0.868645, -0.0011, 0.875871, -0.06186, -0.478563, 0.524125, -0.0, 0.991749, -0.128196, 0.717977, 0.0, 0.0, 0.0, 1.0],
                [0.412185, 0.116799, 0.903583, -0.0011, 0.9111, -0.05284, -0.408784, 0.524125, -0.0, 0.991749, -0.128196, 0.717977, 0.0, 0.0, 0.0, 1.0],
                [0.412185, 0.116799, 0.903583, -0.0011, 0.9111, -0.05284, -0.408784, 0.524125, -0.0, 0.991749, -0.128196, 0.717977, 0.0, 0.0, 0.0, 1.0],
                [0.497292, 0.106131, 0.861067, 0.052941, 0.867568, -0.054964, -0.494272, 0.679397, -0.00513, 0.992832, -0.119409, 0.738261, 0.0, 0.0, 0.0, 1.0],
                [0.854392, 0.049674, 0.517249, -0.0011, 0.519349, -0.04898, -0.853157, 0.820106, -0.017045, 0.997564, -0.067646, 0.733181, 0.0, 0.0, 0.0, 1.0],
                [0.979417, 0.016076, 0.201204, -0.0011, 0.201605, -0.029269, -0.979029, 0.901345, -0.00985, 0.999442, -0.031908, 0.744893, 0.0, 0.0, 0.0, 1.0],
                [1.0, 0.0, 0.0, -5e-06, 0.0, -0.012594, -0.999921, 0.930468, 0.0, 0.999921, -0.012594, 0.753857, 0.0, 0.0, 0.0, 1.0]
            ]
        },
        {
            "name": "Thigh_R",
            "time": [0.0, 0.25, 0.3167, 0.35, 0.5333, 0.6167, 0.7667, 0.8667, 1.0],
            "transform": [
                [0.990066, 0.138392, 0.024843, 0.124994, 0.127672, -0.958876, 0.253487, -0.002831, 0.058902, -0.247798, -0.96702, -1.2e-05, 0.0, 0.0, 0.0, 1.0],
                [0.984789, 0.050291, -0.166317, 0.124994, 0.136204, -0.817762, 0.559206, -0.002831, -0.107884, -0.573354, -0.812174, -1.2e-05, 0.0, 0.0, 0.0, 1.0],
                [0.968558, 0.201279, -0.146228, 0.124994, 0.221512, -0.965265, 0.138546, -0.002831, -0.113262, -0.166581, -0.979501, -1.2e-05, 0.0, 0.0, 0.0, 1.0],
                [0.96847, 0.203023, -0.14439, 0.124994, 0.21929, -0.969738, 0.107324, -0.002831, -0.118231, -0.135603, -0.983684, -1.2e-05, 0.0, 0.0, 0.0, 1.0],
                [0.96847, 0.203023, -0.14439, 0.124994, 0.21929, -0.969738, 0.107324, -0.002831, -0.118231, -0.135603, -0.983684, -1.2e-05, 0.0, 0.0, 0.0, 1.0],
                [0.984966, 0.074354, 0.155929, 0.124994, 0.070864, -0.997097, 0.02783, -0.002831, 0.157546, -0.016363, -0.987376, -1.2e-05, 0.0, 0.0, 0.0, 1.0],
                [0.938086, 0.221502, 0.26633, 0.124994, 0.213337, -0.975159, 0.059592, -0.002831, 0.272914, 0.000916, -0.962038, -1.2e-05, 0.0, 0.0, 0.0, 1.0],
                [0.974157, 0.19697, 0.110551, 0.124994, 0.191744, -0.979835, 0.05617, -0.002831, 0.119386, -0.033521, -0.992282, -1.2e-05, 0.0, 0.0, 0.0, 1.0],
                [0.989882, 0.134688, 0.044645, 0.124994, 0.129799, -0.986626, 0.09859, -0.002831, 0.057327, -0.091797, -0.994126, -1.2e-05, 0.0, 0.0, 0.0, 1.0]
            ]
        },
        {
            "name": "Leg_R",
            "time": [0.0, 0.25, 0.3167, 0.35, 0.5333, 0.6167, 0.7667, 0.8667, 1.0],
            "transform": [
                [1.0, 9.5e-05, 3e-05, -0.0, -9.9e-05, 0.912934, 0.408106, 0.37472, 1.2e-05, -0.408105, 0.912934, -0.0, 0.0, 0.0, 0.0, 1.0],
                [1.0, 7.5e-05, 7.1e-05, -0.0, -0.000103, 0.664141, 0.747608, 0.37472, 9e-06, -0.747608, 0.66414, 0.0, 0.0, 0.0, 0.0, 1.0],
                [1.0, 0.000132, 5.1e-05, -0.0, -0.00014, 0.864811, 0.5021, 0.37472, 2.3e-05, -0.502098, 0.86481, -0.0, 0.0, 0.0, 0.0, 1.0],
                [1.0, 0.000131, 5e-05, 0.0, -0.000139, 0.864085, 0.503346, 0.37472, 2.3e-05, -0.503345, 0.864085, 0.0, 0.0, 0.0, 0.0, 1.0],
                [1.0, 0.000131, 5e-05, 0.0, -0.000139, 0.864085, 0.503346, 0.37472, 2.3e-05, -0.503345, 0.864085, 0.0, 0.0, 0.0, 0.0, 1.0],
                [1.0, 2.9e-05, 7e-06, -0.0, -3e-05, 0.937554, 0.347841, 0.37472, 4e-06, -0.347841, 0.937554, -0.0, 0.0, 0.0, 0.0, 1.0],
                [1.0, 0.000146, 3.9e-05, -0.0, -0.000149, 0.906019, 0.423238, 0.37472, 2.6e-05, -0.423238, 0.906019, -0.0, 0.0, 0.0, 0.0, 1.0],
                [1.0, 0.000132, 1.8e-05, 0.0, -0.000132, 0.960679, 0.277662, 0.37472, 2e-05, -0.277662, 0.960679, -0.0, 0.0, 0.0, 0.0, 1.0],
                [1.0, 0.000109, 9e-06, 0.0, -0.000108, 0.979651, 0.20071, 0.37472, 1.4e-05, -0.200709, 0.979651, 0.0, 0.0, 0.0, 0.0, 1.0]
            ]
        },
        {
            "name": "Knee_R",
            "time": [0.0, 0.25, 0.3167, 0.35, 0.5333, 0.6167, 0.7667, 0.8667, 1.0],
            "transform": [
                [1.0, 0.0, -0.0, -0.0, -0.0, 0.0, -1.0, 0.37472, -0.0, 1.0, 0.0, -0.0, 0.0, 0.0, 0.0, 1.0],
                [1.0, 0.0, -0.0, -0.0, -0.0, 0.0, -1.0, 0.37472, -0.0, 1.0, 0.0, 0.0, 0.0, 0.0, 0.0, 1.0],
                [1.0, 0.0, -0.0, -0.0, -1e-06, 0.0, -1.0, 0.37472, -0.0, 1.0, 0.0, 0.0, 0.0, 0.0, 0.0, 1.0],
                [1.0, 0.0, -1e-06, 0.0, -1e-06, 0.0, -1.0, 0.37472, -0.0, 1.0, 0.0, -0.0, 0.0, 0.0, 0.0, 1.0],
                [1.0, 0.0, -1e-06, 0.0, -1e-06, 0.0, -1.0, 0.37472, -0.0, 1.0, 0.0, -0.0, 0.0, 0.0, 0.0, 1.0],
                [1.0, 0.0, -0.0, 0.0, -0.0, 0.0, -1.0, 0.37472, -0.0, 1.0, 0.0, 0.0, 0.0, 0.0, 0.0, 1.0],
                [1.0, 0.0, -0.0, 0.0, -0.0, 0.0, -1.0, 0.37472, -0.0, 1.0, 0.0, -0.0, 0.0, 0.0, 0.0, 1.0],
                [1.0, 0.0, -0.0, -0.0, -0.0, 0.0, -1.0, 0.37472, -0.0, 1.0, 0.0, 0.0, 0.0, 0.0, 0.0, 1.0],
                [1.0, 0.0, -0.0, -0.0, -0.0, 0.0, -1.0, 0.37472, -0.0, 1.0, 0.0, 0.0, 0.0, 0.0, 0.0, 1.0]
            ]
        },
        {
            "name": "Thigh_L",
            "time": [0.0, 0.25, 0.3167, 0.35, 0.5333, 0.6167, 0.7667, 0.8667, 1.0],
            "transform": [
                [0.983141, -0.127654, -0.130914, -0.125006, -0.082389, -0.948432, 0.306084, -0.002831, -0.163236, -0.290139, -0.94296, -1.2e-05, 0.0, 0.0, 0.0, 1.0],
                [0.962835, -0.123723, -0.240085, -0.125006, -0.202823, -0.918211, -0.340218, -0.002831, -0.178356, 0.376269, -0.909181, -1.2e-05, 0.0, 0.0, 0.0, 1.0],
                [0.936398, -0.274464, -0.218696, -0.125006, -0.264587, -0.96153, 0.07383, -0.002831, -0.230547, -0.011271, -0.972996, -1.2e-05, 0.0, 0.0, 0.0, 1.0],
                [0.935294, -0.282752, -0.212781, -0.125006, -0.264606, -0.95806, 0.110014, -0.002831, -0.234964, -0.046593, -0.970887, -1.2e-05, 0.0, 0.0, 0.0, 1.0],
                [0.935294, -0.282752, -0.212781, -0.125006, -0.264606, -0.95806, 0.110014, -0.002831, -0.234964, -0.046593, -0.970887, -1.2e-05, 0.0, 0.0, 0.0, 1.0],
                [0.97868, -0.115041, -0.170149, -0.125006, -0.068477, -0.963779, 0.257758, -0.002831, -0.193639, -0.240611, -0.95111, -1.2e-05, 0.0, 0.0, 0.0, 1.0],
                [0.998498, -0.053856, -0.010013, -0.125006, -0.051668, -0.986653, 0.154417, -0.002831, -0.018195, -0.153668, -0.987955, -1.2e-05, 0.0, 0.0, 0.0, 1.0],
                [0.992133, -0.09632, -0.079959, -0.125006, -0.076632, -0.972373, 0.220491, -0.002831, -0.098988, -0.21263, -0.972106, -1.2e-05, 0.0, 0.0, 0.0, 1.0],
                [0.990992, -0.101519, -0.087339, -0.125006, -0.085739, -0.981957, 0.168547, -0.002831, -0.102874, -0.159541, -0.981817, -1.2e-05, 0.0, 0.0, 0.0, 1.0]
            ]
        },
        {
            "name": "Leg_L",
            "time": [0.0, 0.25, 0.3167, 0.35, 0.5333, 0.6167, 0.7667, 0.8667, 1.0],
            "transform": [
                [1.0, -3.9e-05, -1.1e-05, 0.0, 4e-05, 0.911416, 0.411486, 0.37472, -6e-06, -0.411486, 0.911415, -0.0, 0.0, 0.0, 0.0, 1.0],
                [1.0, -0.000109, -1.4e-05, -0.0, 0.000104, 0.901628, 0.432514, 0.37472, -3.5e-05, -0.432513, 0.901628, 0.0, 0.0, 0.0, 0.0, 1.0],
                [1.0, -0.000136, -4.4e-05, -0.0, 0.00014, 0.868813, 0.495141, 0.37472, -2.9e-05, -0.49514, 0.868813, 0.0, 0.0, 0.0, 0.0, 1.0],
                [1.0, -0.000136, -4.7e-05, 0.0, 0.000141, 0.863721, 0.50397, 0.37472, -2.8e-05, -0.50397, 0.863721, -0.0, 0.0, 0.0, 0.0, 1.0],
                [1.0, -0.000136, -4.7e-05, 0.0, 0.000141, 0.863721, 0.50397, 0.37472, -2.8e-05, -0.50397, 0.863721, -0.0, 0.0, 0.0, 0.0, 1.0],
                [1.0, -3.3e-05, -1.8e-05, 0.0, 3.7e-05, 0.768246, 0.640155, 0.37472, -7e-06, -0.640155, 0.768246, 0.0, 0.0, 0.0, 0.0, 1.0],
                [1.0, -2.1e-05, -3e-06, -0.0, 2.1e-05, 0.945958, 0.324288, 0.37472, -4e-06, -0.324288, 0.945958, -0.0, 0.0, 0.0, 0.0, 1.0],
                [1.0, -3.7e-05, -8e-06, -0.0, 3.7e-05, 0.929908, 0.367792, 0.37472, -6e-06, -0.367792, 0.929908, 0.0, 0.0, 0.0, 0.0, 1.0],
                [1.0, -4.1e-05, -5e-06, 0.0, 4.1e-05, 0.96542, 0.260701, 0.37472, -6e-06, -0.260701, 0.965419, 0.0, 0.0, 0.0, 0.0, 1.0]
            ]
        },
        {
            "name": "Knee_L",
            "time": [0.0, 0.25, 0.3167, 0.35, 0.5333, 0.6167, 0.7667, 0.8667, 1.0],
            "transform": [
                [1.0, 0.0, -0.0, 0.0, -0.0, 0.0, -1.0, 0.37472, -0.0, 1.0, 0.0, -0.0, 0.0, 0.0, 0.0, 1.0],
                [1.0, 0.0, -0.0, 0.0, -0.0, 0.0, -1.0, 0.37472, -0.0, 1.0, 0.0, 0.0, 0.0, 0.0, 0.0, 1.0],
                [1.0, 0.0, -0.0, 0.0, -0.0, 0.0, -1.0, 0.37472, -0.0, 1.0, 0.0, -0.0, 0.0, 0.0, 0.0, 1.0],
                [1.0, 0.0, -0.0, -0.0, -0.0, 0.0, -1.0, 0.37472, -0.0, 1.0, 0.0, -0.0, 0.0, 0.0, 0.0, 1.0],
                [1.0, 0.0, -0.0, -0.0, -0.0, 0.0, -1.0, 0.37472, -0.0, 1.0, 0.0, -0.0, 0.0, 0.0, 0.0, 1.0],
                [1.0, 0.0, -0.0, -0.0, -0.0, 0.0, -1.0, 0.37472, -0.0, 1.0, 0.0, 0.0, 0.0, 0.0, 0.0, 1.0],
                [1.0, 0.0, -0.0, -0.0, -0.0, 0.0, -1.0, 0.37472, -0.0, 1.0, 0.0, -0.0, 0.0, 0.0, 0.0, 1.0],
                [1.0, 0.0, -0.0, 0.0, -0.0, 0.0, -1.0, 0.37472, -0.0, 1.0, 0.0, -0.0, 0.0, 0.0, 0.0, 1.0],
                [1.0, 0.0, -0.0, 0.0, -0.0, 0.0, -1.0, 0.37472, -0.0, 1.0, 0.0, 0.0, 0.0, 0.0, 0.0, 1.0]
            ]
        },
        {
            "name": "Torso",
            "time": [0.0, 0.25, 0.3167, 0.35, 0.5333, 0.6167, 0.7667, 0.8667, 1.0],
            "transform": [
                [1.0, 0.0, 0.0, 0.0, 0.0, 1.0, 0.0, 0.05, 0.0, 0.0, 1.0, 0.0, 0.0, 0.0, 0.0, 1.0],
                [0.999836, 0.018077, -0.001107, 0.0, -0.018102, 0.995605, -0.091891, 0.05, -0.000559, 0.091896, 0.995768, -0.0, 0.0, 0.0, 0.0, 1.0],
                [1.0, -0.0, 0.0, 0.0, 0.0, 0.998097, 0.061662, 0.05, -0.0, -0.061662, 0.998097, -0.0, 0.0, 0.0, 0.0, 1.0],
                [1.0, -0.0, 0.0, 0.0, 0.0, 0.998097, 0.061662, 0.05, -0.0, -0.061662, 0.998097, -0.0, 0.0, 0.0, 0.0, 1.0],
                [1.0, -0.0, 0.0, 0.0, 0.0, 0.998097, 0.061662, 0.05, -0.0, -0.061662, 0.998097, -0.0, 0.0, 0.0, 0.0, 1.0],
                [1.0, -0.0, 0.0, 0.0, 0.0, 0.998414, 0.056295, 0.05, -0.0, -0.056295, 0.998414, 0.0, 0.0, 0.0, 0.0, 1.0],
                [1.0, -0.0, 0.0, -0.0, 0.0, 0.999566, 0.029445, 0.05, 0.0, -0.029445, 0.999566, -0.0, 0.0, 0.0, 0.0, 1.0],
                [1.0, -0.0, -0.0, -0.0, 0.0, 0.999937, 0.011264, 0.05, -0.0, -0.011264, 0.999937, -0.0, 0.0, 0.0, 0.0, 1.0],
                [1.0, 0.0, 0.0, 0.0, 0.0, 1.0, 0.0, 0.05, 0.0, 0.0, 1.0, -0.0, 0.0, 0.0, 0.0, 1.0]
            ]
        },
        {
            "name": "Chest",
            "time": [0.0, 0.25, 0.3167, 0.35, 0.5333, 0.6167, 0.7667, 0.8667, 1.0],
            "transform": [
                [0.978252, 0.008907, -0.20723, 0.0, -0.0, 0.999078, 0.04294, 0.3, 0.207421, -0.042006, 0.97735, 0.0, 0.0, 0.0, 0.0, 1.0],
                [0.891618, -0.037771, -0.451211, -0.0, 0.167198, 0.953551, 0.25057, 0.3, 0.420788, -0.298855, 0.856518, -0.0, 0.0, 0.0, 0.0, 1.0],
                [0.957293, -0.0, 0.289118, 0.0, -0.050347, 0.984721, 0.166703, 0.3, -0.284701, -0.17414, 0.942667, 0.0, 0.0, 0.0, 0.0, 1.0],
                [0.957293, -0.0, 0.289118, 0.0, -0.050347, 0.984721, 0.166703, 0.3, -0.284701, -0.17414, 0.942667, -0.0, 0.0, 0.0, 0.0, 1.0],
                [0.957293, -0.0, 0.289118, 0.0, -0.050347, 0.984721, 0.166703, 0.3, -0.284701, -0.17414, 0.942667, -0.0, 0.0, 0.0, 0.0, 1.0],
                [0.968903, 0.003397, 0.247418, 0.0, -0.043618, 0.986593, 0.157264, 0.3, -0.243567, -0.163165, 0.956061, -0.0, 0.0, 0.0, 0.0, 1.0],
                [0.999436, 0.013035, 0.030942, 0.0, -0.016231, 0.994301, 0.105367, 0.3, -0.029393, -0.10581, 0.993952, -0.0, 0.0, 0.0, 0.0, 1.0],
                [0.993017, 0.012286, -0.117328, -0.0, -0.004409, 0.997732, 0.067162, 0.3, 0.117887, -0.066176, 0.990819, 0.0, 0.0, 0.0, 0.0, 1.0],
                [0.978252, 0.008907, -0.20723, 0.0, -0.0, 0.999078, 0.04294, 0.3, 0.207421, -0.042006, 0.97735, 0.0, 0.0, 0.0, 0.0, 1.0]
            ]
        },
        {
            "name": "Head",
            "time": [0.0, 0.25, 0.3167, 0.35, 0.5333, 0.6167, 0.7667, 0.8667, 1.0],
            "transform": [
                [0.962194, 0.0, 0.272365, -0.0, -0.0, 1.0, -0.0, 0.4, -0.272365, 0.0, 0.962194, -0.0, 0.0, 0.0, 0.0, 1.0],
                [0.84085, 0.013198, 0.541108, -0.0, -0.017125, 0.999851, 0.002224, 0.4, -0.540998, -0.011136, 0.84095, 0.0, 0.0, 0.0, 0.0, 1.0],
                [0.877938, -0.0, -0.478775, -0.0, 0.0, 1.0, -0.0, 0.4, 0.478775, 0.0, 0.877938, 0.0, 0.0, 0.0, 0.0, 1.0],
                [0.929357, -0.012817, -0.368959, 0.0, 0.013033, 0.999913, -0.001907, 0.4, 0.368952, -0.003036, 0.929444, -0.0, 0.0, 0.0, 0.0, 1.0],
                [0.929357, -0.012817, -0.368959, 0.0, 0.013033, 0.999913, -0.001907, 0.4, 0.368952, -0.003036, 0.929444, -0.0, 0.0, 0.0, 0.0, 1.0],
                [0.948632, -0.011823, -0.316161, 0.0, 0.011992, 0.999927, -0.001412, 0.4, 0.316155, -0.002452, 0.948704, -0.0, 0.0, 0.0, 0.0, 1.0],
                [0.99933, -0.006359, -0.036028, 0.0, 0.006369, 0.99998, 0.000163, 0.4, 0.036026, -0.000393, 0.999351, 0.0, 0.0, 0.0, 0.0, 1.0],
                [0.987603, -0.002423, 0.156953, -0.0, 0.002406, 0.999997, 0.000296, 0.4, -0.156953, 8.5e-05, 0.987606, -0.0, 0.0, 0.0, 0.0, 1.0],
                [0.962194, 0.0, 0.272365, 0.0, -0.0, 1.0, -0.0, 0.4, -0.272365, 0.0, 0.962194, 0.0, 0.0, 0.0, 0.0, 1.0]
            ]
        },
        {
            "name": "Shoulder_R",
            "time": [0.0, 0.25, 0.3167, 0.35, 0.5333, 0.6167, 0.7667, 0.8667, 1.0],
            "transform": [
                [-0.067769, 0.962545, 0.262517, -0.0, -0.028398, -0.264876, 0.963864, 0.4, 0.997296, 0.057865, 0.045285, -0.0, 0.0, 0.0, 0.0, 1.0],
                [0.0, 0.984907, 0.17308, -0.0, -0.0, -0.17308, 0.984908, 0.4, 1.0, -0.0, 0.0, 0.0, 0.0, 0.0, 0.0, 1.0],
                [0.0, 0.952114, 0.305743, -0.0, 0.0, -0.305743, 0.952114, 0.4, 1.0, 0.0, -0.0, 0.0, 0.0, 0.0, 0.0, 1.0],
                [0.0, 0.952114, 0.305743, 0.0, 0.0, -0.305743, 0.952114, 0.4, 1.0, -0.0, -0.0, -0.0, 0.0, 0.0, 0.0, 1.0],
                [0.0, 0.952114, 0.305743, 0.0, 0.0, -0.305743, 0.952114, 0.4, 1.0, -0.0, -0.0, -0.0, 0.0, 0.0, 0.0, 1.0],
                [-0.005959, 0.95325, 0.302122, 0.0, -0.002359, -0.30214, 0.953261, 0.4, 0.999979, 0.004967, 0.004049, -0.0, 0.0, 0.0, 0.0, 1.0],
                [-0.035602, 0.958282, 0.283598, 0.0, -0.014486, -0.284243, 0.958643, 0.4, 0.999261, 0.030022, 0.024001, 0.0, 0.0, 0.0, 0.0, 1.0],
                [-0.055508, 0.961069, 0.270674, -0.0, -0.023002, -0.272251, 0.961951, 0.4, 0.998193, 0.04717, 0.037218, -0.0, 0.0, 0.0, 0.0, 1.0],
                [-0.067769, 0.962545, 0.262517, 0.0, -0.028398, -0.264876, 0.963864, 0.4, 0.997296, 0.057865, 0.045285, 0.0, 0.0, 0.0, 0.0, 1.0]
            ]
        },
        {
            "name": "Arm_R",
            "time": [0.0, 0.25, 0.3167, 0.35, 0.5333, 0.6167, 0.7667, 0.8667, 1.0],
            "transform": [
                [0.275372, 0.152672, -0.949137, 0.0, 0.762866, 0.566084, 0.312386, 0.393861, 0.584984, -0.810086, 0.039415, 0.0, 0.0, 0.0, 0.0, 1.0],
                [-0.138586, 0.378868, -0.915015, -0.0, -0.152109, 0.904825, 0.397687, 0.393861, 0.978599, 0.194296, -0.067767, -0.0, 0.0, 0.0, 0.0, 1.0],
                [0.128254, -0.188397, -0.973682, -0.0, -0.318475, 0.921968, -0.220341, 0.39386, 0.939215, 0.338353, 0.058246, 0.0, 0.0, 0.0, 0.0, 1.0],
                [0.130221, -0.039602, -0.990694, -0.0, -0.322113, 0.943311, -0.080048, 0.39386, 0.937702, 0.32954, 0.110082, -0.0, 0.0, 0.0, 0.0, 1.0],
                [0.130221, -0.039602, -0.990694, -0.0, -0.322113, 0.943311, -0.080048, 0.39386, 0.937702, 0.32954, 0.110082, -0.0, 0.0, 0.0, 0.0, 1.0],
                [0.131839, -0.018002, -0.991108, -0.0, -0.224102, 0.973408, -0.047491, 0.39386, 0.965607, 0.228371, 0.124299, -0.0, 0.0, 0.0, 0.0, 1.0],
                [0.176053, 0.086893, -0.980538, 0.0, 0.310953, 0.940184, 0.139148, 0.39386, 0.933977, -0.329399, 0.138502, -0.0, 0.0, 0.0, 0.0, 1.0],
                [0.234502, 0.136149, -0.962534, -0.0, 0.623469, 0.73862, 0.256372, 0.39386, 0.745852, -0.66023, 0.088323, 0.0, 0.0, 0.0, 0.0, 1.0],
                [0.275372, 0.152672, -0.949137, -0.0, 0.762866, 0.566084, 0.312385, 0.39386, 0.584984, -0.810087, 0.039415, 0.0, 0.0, 0.0, 0.0, 1.0]
            ]
        },
        {
            "name": "Hand_R",
            "time": [0.0, 0.25, 0.3167, 0.35, 0.5333, 0.6167, 0.7667, 0.8667, 1.0],
            "transform": [
                [1.0, 0.0, 0.0, -0.0, 0.0, 0.958421, -0.28536, 0.3, -0.0, 0.28536, 0.958421, -0.0, 0.0, 0.0, 0.0, 1.0],
                [1.0, -0.0, -0.0, 0.0, -0.0, -0.386249, -0.922395, 0.3, 0.0, 0.922395, -0.386249, 0.0, 0.0, 0.0, 0.0, 1.0],
                [1.0, 0.0, 0.0, -0.0, -0.0, 0.999996, 0.003028, 0.3, -0.0, -0.003028, 0.999995, -0.0, 0.0, 0.0, 0.0, 1.0],
                [1.0, 0.0, 0.0, 0.0, -0.0, 0.999996, 0.003028, 0.3, -0.0, -0.003028, 0.999995, 0.0, 0.0, 0.0, 0.0, 1.0],
                [1.0, 0.0, 0.0, 0.0, -0.0, 0.999996, 0.003028, 0.3, -0.0, -0.003028, 0.999995, 0.0, 0.0, 0.0, 0.0, 1.0],
                [1.0, 0.0, 0.0, -0.0, -0.0, 0.99975, -0.022386, 0.3, -0.0, 0.022386, 0.999749, -0.0, 0.0, 0.0, 0.0, 1.0],
                [1.0, 0.0, 0.0, -0.0, -0.0, 0.988796, -0.149272, 0.3, -0.0, 0.149272, 0.988796, 0.0, 0.0, 0.0, 0.0, 1.0],
                [1.0, 0.0, -0.0, 0.0, -0.0, 0.972259, -0.233908, 0.3, -0.0, 0.233908, 0.972259, -0.0, 0.0, 0.0, 0.0, 1.0],
                [1.0, 0.0, 0.0, 0.0, -0.0, 0.958421, -0.285359, 0.3, -0.0, 0.285359, 0.958421, -0.0, 0.0, 0.0, 0.0, 1.0]
            ]
        },
        {
            "name": "Tool_R",
            "time": [0.0, 0.0167, 0.2333, 0.25, 0.2667, 0.2833, 0.3, 0.3167, 0.3333, 0.35, 0.5167, 0.5333, 0.55, 0.6167, 0.6667, 0.7, 0.7667, 0.8, 0.8667, 1.0],
            "transform": [
                [0.894684, 0.168838, -0.413563, 0.0, -0.082094, -0.847903, -0.523757, 0.272858, -0.439092, 0.502548, -0.744744, -0.0, 0.0, 0.0, 0.0, 1.0],
                [0.0, 0.0, 0.0, 0.000138, 0.0, 0.0, 0.0, 0.273018, 0.0, 0.0, 0.0, -0.000352, 0.0, 0.0, 0.0, 1.0],
                [0.0, 0.0, 0.0, 0.036336, 0.0, 0.0, 0.0, 0.351482, 0.0, 0.0, 0.0, 0.011511, 0.0, 0.0, 0.0, 1.0],
                [0.095955, 0.992136, -0.080369, 0.016448, 0.551445, -0.120204, -0.825506, 0.299169, -0.828675, 0.034892, -0.558642, -0.033708, 0.0, 0.0, 0.0, 1.0],
                [-0.007747, 0.994522, -0.104241, -0.021004, 0.469858, -0.0884, -0.878304, 0.168242, -0.882708, -0.055782, -0.4666, 0.018267, 0.0, 0.0, 0.0, 1.0],
                [-0.107992, 0.994008, 0.016925, -0.0372, 0.34122, 0.05305, -0.938486, 0.037075, -0.933759, -0.095574, -0.344905, -0.003533, 0.0, 0.0, 0.0, 1.0],
                [-0.030873, 0.993271, 0.111629, -0.021127, 0.186729, 0.115448, -0.975605, 0.21926, -0.981927, -0.009275, -0.189036, -0.302474, 0.0, 0.0, 0.0, 1.0],
                [0.027646, 0.995094, 0.094991, 0.028872, 0.022142, 0.094394, -0.995289, 0.654708, -0.999373, 0.029619, -0.019424, -0.584323, 0.0, 0.0, 0.0, 1.0],
                [0.027582, 0.995031, 0.095664, 0.032925, 0.029649, 0.094844, -0.99505, 1.111215, -0.99918, 0.030282, -0.026886, -0.588805, 0.0, 0.0, 0.0, 1.0],
                [0.028261, 0.994884, 0.096994, 0.032944, 0.094022, 0.093957, -0.991127, 1.327677, -0.99517, 0.03713, -0.090885, -0.483445, 0.0, 0.0, 0.0, 1.0],
                [0.028261, 0.994884, 0.096994, 0.032944, 0.094022, 0.093957, -0.991127, 1.327677, -0.99517, 0.03713, -0.090885, -0.483445, 0.0, 0.0, 0.0, 1.0],
                [0.0, 0.0, 0.0, 0.031519, 0.0, 0.0, 0.0, 1.020483, 0.0, 0.0, 0.0, -0.512531, 0.0, 0.0, 0.0, 1.0],
                [1.0, 0.0, 0.0, -0.0, 0.0, -0.999836, 0.018122, 0.272858, 0.0, -0.018122, -0.999836, -0.0, 0.0, 0.0, 0.0, 1.0],
                [-0.328441, 0.05536, 0.942901, 0.0, -0.015899, -0.998463, 0.053085, 0.272858, 0.944391, 0.002444, 0.328817, 0.0, 0.0, 0.0, 0.0, 1.0],
                [-0.863187, 0.110632, 0.492614, 0.0, -0.033415, -0.986076, 0.162904, 0.272858, 0.503777, 0.124156, 0.854865, -0.0, 0.0, 0.0, 0.0, 1.0],
                [-0.852449, 0.499221, -0.15527, -0.0, -0.515697, -0.754085, 0.40671, 0.272858, 0.085952, 0.426772, 0.900266, -0.0, 0.0, 0.0, 0.0, 1.0],
                [-0.825319, -0.328831, -0.459041, -0.0, -0.560377, 0.376956, 0.737484, 0.272858, -0.06947, 0.865895, -0.495378, 0.0, 0.0, 0.0, 0.0, 1.0],
                [-0.918331, -0.366523, -0.14943, -0.0, -0.380898, 0.715665, 0.58544, 0.272858, -0.107635, 0.594545, -0.796825, -0.0, 0.0, 0.0, 0.0, 1.0],
                [-0.641947, 0.625369, 0.443641, 0.0, 0.629016, 0.760392, -0.161686, 0.272858, -0.438455, 0.175264, -0.881499, 0.0, 0.0, 0.0, 0.0, 1.0],
                [0.981067, 0.168838, -0.094874, 0.0, 0.095492, -0.847903, -0.52148, 0.272858, -0.16849, 0.502548, -0.847972, -0.0, 0.0, 0.0, 0.0, 1.0]
            ]
        },
        {
            "name": "Elbow_R",
            "time": [0.0, 0.25, 0.3167, 0.35, 0.5333, 0.6167, 0.7667, 0.8667, 1.0],
            "transform": [
                [-1.0, 0.0, 0.0, -0.0, 0.0, 0.0, -1.0, 0.3, -0.0, -1.0, 0.0, -0.0, 0.0, 0.0, 0.0, 1.0],
                [-1.0, 0.0, -0.0, 0.0, 0.0, 0.0, -1.0, 0.3, -0.0, -1.0, -0.0, 0.0, 0.0, 0.0, 0.0, 1.0],
                [-1.0, 0.0, -0.0, -0.0, 0.0, 0.0, -1.0, 0.3, -0.0, -1.0, -0.0, -0.0, 0.0, 0.0, 0.0, 1.0],
                [-1.0, 0.0, -0.0, 0.0, 0.0, 0.0, -1.0, 0.3, -0.0, -1.0, -0.0, 0.0, 0.0, 0.0, 0.0, 1.0],
                [-1.0, 0.0, -0.0, 0.0, 0.0, 0.0, -1.0, 0.3, -0.0, -1.0, -0.0, 0.0, 0.0, 0.0, 0.0, 1.0],
                [-1.0, 0.0, -0.0, -0.0, 0.0, 0.0, -1.0, 0.3, -0.0, -1.0, -0.0, -0.0, 0.0, 0.0, 0.0, 1.0],
                [-1.0, 0.0, -0.0, -0.0, 0.0, 0.0, -1.0, 0.3, -0.0, -1.0, -0.0, 0.0, 0.0, 0.0, 0.0, 1.0],
                [-1.0, 0.0, -0.0, 0.0, 0.0, -0.0, -1.0, 0.3, -0.0, -1.0, -0.0, -0.0, 0.0, 0.0, 0.0, 1.0],
                [-1.0, 0.0, 0.0, 0.0, 0.0, 0.0, -1.0, 0.3, -0.0, -1.0, -0.0, -0.0, 0.0, 0.0, 0.0, 1.0]
            ]
        },
        {
            "name": "Shoulder_L",
            "time": [0.0, 0.25, 0.3167, 0.35, 0.5333, 0.6167, 0.7667, 0.8667, 1.0],
            "transform": [
                [-0.0, -0.952114, -0.305743, -0.0, 0.0, -0.305743, 0.952114, 0.4, -1.0, 0.0, 0.0, -0.0, 0.0, 0.0, 0.0, 1.0],
                [-0.198176, -0.949692, -0.242509, -0.0, -0.056896, -0.235853, 0.970122, 0.4, -0.978513, 0.206053, -0.007293, 0.0, 0.0, 0.0, 0.0, 1.0],
                [-0.01533, -0.940588, -0.339204, -0.0, -0.017809, -0.338933, 0.940642, 0.4, -0.999724, 0.020461, -0.011555, 0.0, 0.0, 0.0, 0.0, 1.0],
                [-0.01533, -0.940588, -0.339204, 0.0, -0.017809, -0.338933, 0.940642, 0.4, -0.999724, 0.020461, -0.011555, -0.0, 0.0, 0.0, 0.0, 1.0],
                [-0.01533, -0.940588, -0.339204, 0.0, -0.017809, -0.338933, 0.940642, 0.4, -0.999724, 0.020461, -0.011555, -0.0, 0.0, 0.0, 0.0, 1.0],
                [-0.014019, -0.941651, -0.336297, 0.0, -0.016236, -0.336071, 0.941697, 0.4, -0.99977, 0.018662, -0.010577, -0.0, 0.0, 0.0, 0.0, 1.0],
                [-0.007395, -0.946799, -0.321741, 0.0, -0.008433, -0.32168, 0.946811, 0.4, -0.999937, 0.009715, -0.005606, 0.0, 0.0, 0.0, 0.0, 1.0],
                [-0.002846, -0.950121, -0.311868, -0.0, -0.003211, -0.311859, 0.950123, 0.4, -0.999991, 0.003705, -0.002163, -0.0, 0.0, 0.0, 0.0, 1.0],
                [-0.0, -0.952114, -0.305743, 0.0, 0.0, -0.305743, 0.952114, 0.4, -1.0, 0.0, 0.0, 0.0, 0.0, 0.0, 0.0, 1.0]
            ]
        },
        {
            "name": "Arm_L",
            "time": [0.0, 0.25, 0.3167, 0.35, 0.5333, 0.6167, 0.7667, 0.8667, 1.0],
            "transform": [
                [0.075197, 0.136965, 0.987718, -0.0, -0.815154, 0.578958, -0.018224, 0.39386, -0.574343, -0.803771, 0.155183, 0.0, 0.0, 0.0, 0.0, 1.0],
                [0.391975, -0.49409, 0.776035, 0.0, -0.866911, 0.083971, 0.49134, 0.39386, -0.30793, -0.865346, -0.395417, 0.0, 0.0, 0.0, 0.0, 1.0],
                [-0.820368, 0.091696, -0.564436, 0.0, 0.484275, 0.636312, -0.600487, 0.39386, 0.304096, -0.765962, -0.566416, 0.0, 0.0, 0.0, 0.0, 1.0],
                [-0.820368, 0.091696, -0.564436, 0.0, 0.484275, 0.636312, -0.600487, 0.39386, 0.304096, -0.765962, -0.566416, 0.0, 0.0, 0.0, 0.0, 1.0],
                [-0.820368, 0.091696, -0.564436, 0.0, 0.484275, 0.636312, -0.600487, 0.39386, 0.304096, -0.765962, -0.566416, 0.0, 0.0, 0.0, 0.0, 1.0],
                [-0.968249, 0.091939, -0.232468, 0.0, 0.233804, 0.662205, -0.711913, 0.39386, 0.088489, -0.743661, -0.662674, 0.0, 0.0, 0.0, 0.0, 1.0],
                [-0.390207, 0.032194, 0.920164, 0.0, -0.648987, 0.699292, -0.299677, 0.39386, -0.653112, -0.71411, -0.251975, 0.0, 0.0, 0.0, 0.0, 1.0],
                [-0.014256, 0.074139, 0.997146, 0.0, -0.763215, 0.643467, -0.058754, 0.39386, -0.645987, -0.761875, 0.047411, -0.0, 0.0, 0.0, 0.0, 1.0],
                [0.075197, 0.136981, 0.987715, -0.0, -0.815154, 0.578958, -0.018233, 0.39386, -0.574343, -0.803768, 0.155196, 0.0, 0.0, 0.0, 0.0, 1.0]
            ]
        },
        {
            "name": "Hand_L",
            "time": [0.0, 0.25, 0.3167, 0.35, 0.5333, 0.6167, 0.7667, 0.8667, 1.0],
            "transform": [
                [1.0, -0.0, 0.0, 0.0, -0.0, 0.999928, 0.011949, 0.3, -0.0, -0.011949, 0.999929, 0.0, 0.0, 0.0, 0.0, 1.0],
                [1.0, 0.0, 0.0, -0.0, 0.0, -0.055298, -0.99847, 0.3, -0.0, 0.99847, -0.055298, 0.0, 0.0, 0.0, 0.0, 1.0],
                [1.0, 0.0, 0.0, -0.0, 0.0, 0.149522, -0.988758, 0.3, -0.0, 0.988759, 0.149522, 0.0, 0.0, 0.0, 0.0, 1.0],
                [1.0, 0.0, 0.0, 0.0, 0.0, 0.149522, -0.988758, 0.3, -0.0, 0.988759, 0.149522, -0.0, 0.0, 0.0, 0.0, 1.0],
                [1.0, 0.0, 0.0, 0.0, 0.0, 0.149522, -0.988758, 0.3, -0.0, 0.988759, 0.149522, -0.0, 0.0, 0.0, 0.0, 1.0],
                [1.0, 0.0, 0.0, -0.0, 0.0, 0.263754, -0.96459, 0.3, -0.0, 0.96459, 0.263754, 0.0, 0.0, 0.0, 0.0, 1.0],
                [1.0, -0.0, 0.0, -0.0, 0.0, 0.783605, -0.621259, 0.3, -0.0, 0.621259, 0.783605, 0.0, 0.0, 0.0, 0.0, 1.0],
                [1.0, -0.0, 0.0, -0.0, 0.0, 0.971873, -0.235505, 0.3, -0.0, 0.235505, 0.971873, -0.0, 0.0, 0.0, 0.0, 1.0],
                [1.0, 0.0, 0.0, -0.0, 0.0, 0.999928, 0.011983, 0.3, -0.0, -0.011983, 0.999928, 0.0, 0.0, 0.0, 0.0, 1.0]
            ]
        },
        {
            "name": "Tool_L",
            "time": [0.0, 0.25, 0.3167, 0.35, 0.5333, 0.6167, 0.7667, 0.8667, 1.0],
            "transform": [
                [1.0, -0.0, 0.0, 0.0, 0.0, -0.999836, 0.018122, 0.272858, 0.0, -0.018122, -0.999836, -0.0, 0.0, 0.0, 0.0, 1.0],
                [1.0, -0.0, 0.0, 0.0, -0.0, -0.999836, 0.018122, 0.272858, 0.0, -0.018122, -0.999836, 0.0, 0.0, 0.0, 0.0, 1.0],
                [1.0, 0.0, 0.0, -0.0, 0.0, -0.999836, 0.018122, 0.272858, 0.0, -0.018122, -0.999836, 0.0, 0.0, 0.0, 0.0, 1.0],
                [1.0, 0.0, 0.0, 0.0, 0.0, -0.999836, 0.018122, 0.272858, 0.0, -0.018122, -0.999836, 0.0, 0.0, 0.0, 0.0, 1.0],
                [1.0, 0.0, 0.0, 0.0, 0.0, -0.999836, 0.018122, 0.272858, 0.0, -0.018122, -0.999836, 0.0, 0.0, 0.0, 0.0, 1.0],
                [1.0, 0.0, 0.0, -0.0, -0.0, -0.999836, 0.018122, 0.272858, 0.0, -0.018122, -0.999836, -0.0, 0.0, 0.0, 0.0, 1.0],
                [1.0, 0.0, 0.0, -0.0, -0.0, -0.999836, 0.018122, 0.272858, 0.0, -0.018122, -0.999836, -0.0, 0.0, 0.0, 0.0, 1.0],
                [1.0, 0.0, 0.0, -0.0, 0.0, -0.999836, 0.018122, 0.272858, 0.0, -0.018122, -0.999836, -0.0, 0.0, 0.0, 0.0, 1.0],
                [1.0, -0.0, 0.0, -0.0, -0.0, -0.999836, 0.018122, 0.272858, 0.0, -0.018122, -0.999836, 0.0, 0.0, 0.0, 0.0, 1.0]
            ]
        },
        {
            "name": "Elbow_L",
            "time": [0.0, 0.25, 0.3167, 0.35, 0.5333, 0.6167, 0.7667, 0.8667, 1.0],
            "transform": [
                [-1.0, 0.0, -0.0, 0.0, 0.0, -0.0, -1.0, 0.3, -0.0, -1.0, 0.0, 0.0, 0.0, 0.0, 0.0, 1.0],
                [-1.0, 0.0, -0.0, -0.0, 0.0, -0.0, -1.0, 0.3, -0.0, -1.0, 0.0, 0.0, 0.0, 0.0, 0.0, 1.0],
                [-1.0, 0.0, -0.0, -0.0, 0.0, -0.0, -1.0, 0.3, -0.0, -1.0, 0.0, 0.0, 0.0, 0.0, 0.0, 1.0],
                [-1.0, 0.0, -0.0, 0.0, 0.0, -0.0, -1.0, 0.3, -0.0, -1.0, 0.0, -0.0, 0.0, 0.0, 0.0, 1.0],
                [-1.0, 0.0, -0.0, 0.0, 0.0, -0.0, -1.0, 0.3, -0.0, -1.0, 0.0, -0.0, 0.0, 0.0, 0.0, 1.0],
                [-1.0, 0.0, -0.0, -0.0, 0.0, -0.0, -1.0, 0.3, -0.0, -1.0, 0.0, 0.0, 0.0, 0.0, 0.0, 1.0],
                [-1.0, 0.0, -0.0, -0.0, 0.0, -0.0, -1.0, 0.3, -0.0, -1.0, 0.0, 0.0, 0.0, 0.0, 0.0, 1.0],
                [-1.0, 0.0, -0.0, -0.0, -0.0, -0.0, -1.0, 0.3, -0.0, -1.0, 0.0, -0.0, 0.0, 0.0, 0.0, 1.0],
                [-1.0, 0.0, -0.0, -0.0, 0.0, -0.0, -1.0, 0.3, -0.0, -1.0, 0.0, 0.0, 0.0, 0.0, 0.0, 1.0]
            ]
        }
    ]
}