{
    "animation": [
        {
            "name": "Root",
            "time": [0.0, 0.1667, 0.2333, 0.3167, 0.5167, 0.8167],
            "transform": [
                [-0.123296, -0.037163, -0.991674, -0.010713, -0.937703, 0.331457, 0.104164, 0.176506, 0.324826, 0.942738, -0.075715, 0.751818, 0.0, 0.0, 0.0, 1.0],
                [0.997556, -0.012637, -0.068713, -0.010713, -0.062357, 0.282504, -0.957237, 0.941911, 0.031508, 0.959183, 0.281025, 0.469, 0.0, 0.0, 0.0, 1.0],
                [0.553396, -0.057503, 0.830931, -0.010713, 0.815628, 0.239631, -0.52662, 1.901948, -0.168835, 0.96916, 0.179512, 0.47716, 0.0, 0.0, 0.0, 1.0],
                [0.523226, 0.007204, 0.852163, -0.025419, 0.847408, 0.101434, -0.521164, 2.25975, -0.090192, 0.994816, 0.046968, 0.599907, 0.0, 0.0, 0.0, 1.0],
                [0.355006, 0.0, 0.934864, -0.010713, 0.934864, 0.0, -0.355006, 2.344721, 0.0, 1.0, 0.0, 0.647365, 0.0, 0.0, 0.0, 1.0],
                [0.968198, 0.012251, -0.249884, -5e-06, -0.250156, 0.032509, -0.96766, 2.679755, -0.003731, 0.999396, 0.034539, 0.670691, 0.0, 0.0, 0.0, 1.0]
            ]
        },
        {
            "name": "Thigh_R",
            "time": [0.0, 0.1667, 0.2333, 0.3167, 0.5167, 0.8167],
            "transform": [
                [0.996717, 0.06628, 0.046498, 0.124994, 0.019123, -0.750784, 0.66027, -0.002831, 0.078673, -0.657213, -0.749587, -1.2e-05, 0.0, 0.0, 0.0, 1.0],
                [0.997578, 0.026382, 0.064368, 0.124994, -0.054023, -0.28916, 0.955754, -0.002831, 0.043827, -0.956917, -0.287034, -1.2e-05, 0.0, 0.0, 0.0, 1.0],
                [0.859241, 0.122609, -0.49666, 0.124994, 0.46974, -0.573598, 0.671065, -0.002831, -0.202605, -0.809908, -0.550454, -1.2e-05, 0.0, 0.0, 0.0, 1.0],
                [0.797113, 0.39705, -0.454932, 0.124994, 0.581357, -0.708264, 0.400479, -0.002831, -0.163202, -0.583705, -0.795395, -1.2e-05, 0.0, 0.0, 0.0, 1.0],
                [0.852171, 0.396378, -0.341597, 0.124994, 0.465079, -0.872928, 0.147298, -0.002831, -0.239804, -0.284392, -0.928232, -1.2e-05, 0.0, 0.0, 0.0, 1.0],
                [0.961877, 0.201452, -0.184957, 0.124994, 0.271748, -0.780076, 0.563589, -0.002831, -0.030744, -0.592366, -0.805082, -1.1e-05, 0.0, 0.0, 0.0, 1.0]
            ]
        },
        {
            "name": "Leg_R",
            "time": [0.0, 0.1667, 0.2333, 0.3167, 0.5167, 0.8167],
            "transform": [
                [1.0, 0.000128, 0.000202, 0.0, -0.000155, -0.293032, 0.956103, 0.37472, 0.000182, -0.956102, -0.293033, 0.0, 0.0, 0.0, 0.0, 1.0],
                [1.0, 6.2e-05, 0.000164, 0.0, -0.000119, -0.447531, 0.894268, 0.37472, 0.000129, -0.894268, -0.447531, 0.0, 0.0, 0.0, 0.0, 1.0],
                [1.0, 0.000403, 0.000441, -0.0, -0.000339, -0.224534, 0.974466, 0.37472, 0.000492, -0.974465, -0.224535, -0.0, 0.0, 0.0, 0.0, 1.0],
                [1.0, 0.000659, 0.000107, -0.0, -0.000459, 0.563446, 0.826153, 0.37472, 0.000484, -0.826153, 0.563446, -0.0, 0.0, 0.0, 0.0, 1.0],
                [1.0, 0.000585, -9.8e-05, 0.0, -0.000442, 0.844842, 0.535016, 0.37472, 0.000396, -0.535016, 0.844842, -0.0, 0.0, 0.0, 0.0, 1.0],
                [1.0, 0.000167, 0.000141, -0.0, -0.000218, 0.721957, 0.691937, 0.37472, 1.3e-05, -0.691937, 0.721957, -0.0, 0.0, 0.0, 0.0, 1.0]
            ]
        },
        {
            "name": "Knee_R",
            "time": [0.0, 0.1667, 0.2333, 0.3167, 0.5167, 0.8167],
            "transform": [
                [1.0, 0.0, -1e-06, 0.0, -0.0, 0.0, -1.0, 0.37472, -0.0, 1.0, 0.0, 0.0, 0.0, 0.0, 0.0, 1.0],
                [1.0, 0.0, -0.0, 0.0, -0.0, 0.0, -1.0, 0.37472, -0.0, 1.0, 0.0, -0.0, 0.0, 0.0, 0.0, 1.0],
                [1.0, 0.0, -0.0, -0.0, -0.0, 0.0, -1.0, 0.37472, -0.0, 1.0, 0.0, 0.0, 0.0, 0.0, 0.0, 1.0],
                [1.0, 0.0, -1e-06, 0.0, -0.0, 0.0, -1.0, 0.37472, -0.0, 1.0, 0.0, -0.0, 0.0, 0.0, 0.0, 1.0],
                [1.0, 0.0, -0.0, -0.0, -0.0, 0.0, -1.0, 0.37472, -0.0, 1.0, 0.0, 0.0, 0.0, 0.0, 0.0, 1.0],
                [1.0, 0.0, -0.0, 0.0, -0.0, 0.0, -1.0, 0.37472, -0.0, 1.0, 0.0, -0.0, 0.0, 0.0, 0.0, 1.0]
            ]
        },
        {
            "name": "Thigh_L",
            "time": [0.0, 0.1667, 0.2333, 0.3167, 0.5167, 0.8167],
            "transform": [
                [0.998743, -0.013138, 0.04838, -0.125006, -0.024399, -0.970428, 0.240153, -0.002831, 0.043794, -0.241032, -0.969529, -1.2e-05, 0.0, 0.0, 0.0, 1.0],
                [0.991636, -0.046171, -0.120522, -0.125006, -0.081763, -0.947265, -0.309842, -0.002831, -0.099861, 0.317105, -0.943118, -1.2e-05, 0.0, 0.0, 0.0, 1.0],
                [0.917976, -0.390182, 0.071267, -0.125006, -0.381658, -0.82002, 0.426502, -0.002831, -0.107973, -0.418718, -0.901675, -1.2e-05, 0.0, 0.0, 0.0, 1.0],
                [0.931361, -0.363977, -0.009339, -0.125006, -0.351934, -0.906526, 0.233135, -0.002831, -0.093322, -0.213847, -0.9724, -1.2e-05, 0.0, 0.0, 0.0, 1.0],
                [0.752541, -0.559383, -0.347523, -0.125006, -0.509886, -0.828898, 0.230091, -0.002831, -0.416771, 0.004045, -0.909003, -1.2e-05, 0.0, 0.0, 0.0, 1.0],
                [0.879826, -0.35402, -0.317137, -0.125006, -0.226147, -0.898681, 0.375802, -0.002831, -0.418047, -0.258922, -0.870745, -1.1e-05, 0.0, 0.0, 0.0, 1.0]
            ]
        },
        {
            "name": "Leg_L",
            "time": [0.0, 0.1667, 0.2333, 0.3167, 0.5167, 0.8167],
            "transform": [
                [1.0, -5.8e-05, -1.5e-05, 0.0, 5.9e-05, 0.908688, 0.417475, 0.37472, -1.1e-05, -0.417474, 0.908688, -0.0, 0.0, 0.0, 0.0, 1.0],
                [1.0, -0.000108, -2.3e-05, -0.0, 0.000103, 0.836173, 0.548466, 0.37472, -4e-05, -0.548465, 0.836173, -0.0, 0.0, 0.0, 0.0, 1.0],
                [1.0, -0.000145, -0.000239, -0.0, 0.000273, 0.324853, 0.945765, 0.37472, -6e-05, -0.945764, 0.324853, -0.0, 0.0, 0.0, 0.0, 1.0],
                [1.0, -0.000205, -0.000156, -0.0, 0.000252, 0.650044, 0.759897, 0.37472, -5.4e-05, -0.759896, 0.650044, -0.0, 0.0, 0.0, 0.0, 1.0],
                [1.0, -0.000349, -5.1e-05, 0.0, 0.00035, 0.966104, 0.258153, 0.37472, -4.1e-05, -0.258153, 0.966104, 0.0, 0.0, 0.0, 0.0, 1.0],
                [1.0, -4.8e-05, -4.2e-05, -0.0, 6.3e-05, 0.641064, 0.767488, 0.37472, -1e-05, -0.767487, 0.641063, 0.0, 0.0, 0.0, 0.0, 1.0]
            ]
        },
        {
            "name": "Knee_L",
            "time": [0.0, 0.1667, 0.2333, 0.3167, 0.5167, 0.8167],
            "transform": [
                [1.0, 0.0, -0.0, 0.0, -0.0, 0.0, -1.0, 0.37472, -0.0, 1.0, 0.0, -0.0, 0.0, 0.0, 0.0, 1.0],
                [1.0, 0.0, -0.0, -0.0, -0.0, 0.0, -1.0, 0.37472, -0.0, 1.0, 0.0, -0.0, 0.0, 0.0, 0.0, 1.0],
                [1.0, 0.0, -0.0, -0.0, -0.0, 0.0, -1.0, 0.37472, -0.0, 1.0, 0.0, -0.0, 0.0, 0.0, 0.0, 1.0],
                [1.0, 0.0, -1e-06, -0.0, -0.0, 0.0, -1.0, 0.37472, -0.0, 1.0, 0.0, -0.0, 0.0, 0.0, 0.0, 1.0],
                [1.0, 0.0, -0.0, 0.0, -0.0, 0.0, -1.0, 0.37472, -0.0, 1.0, 0.0, 0.0, 0.0, 0.0, 0.0, 1.0],
                [1.0, 0.0, -0.0, 0.0, -0.0, 0.0, -1.0, 0.37472, -0.0, 1.0, 0.0, 0.0, 0.0, 0.0, 0.0, 1.0]
            ]
        },
        {
            "name": "Torso",
            "time": [0.0, 0.1667, 0.2333, 0.3167, 0.5167, 0.8167],
            "transform": [
                [1.0, -0.0, 0.0, 0.0, -0.0, 1.0, 0.0, 0.050001, 0.0, 0.0, 1.0, 0.0, 0.0, 0.0, 0.0, 1.0],
                [1.0, 0.0, 0.0, 0.0, -0.0, 0.98387, 0.178883, 0.05, -0.0, -0.178883, 0.98387, -0.0, 0.0, 0.0, 0.0, 1.0],
                [1.0, -0.0, -0.0, -0.0, 0.0, 1.0, -0.0, 0.05, 0.0, 0.0, 1.0, 0.0, 0.0, 0.0, 0.0, 1.0],
                [1.0, 0.0, 0.0, -0.0, 0.0, 1.0, 0.0, 0.05, -0.0, -0.0, 1.0, 0.0, 0.0, 0.0, 0.0, 1.0],
                [1.0, 0.0, 0.0, -0.0, 0.0, 1.0, 0.0, 0.05, 0.0, 0.0, 1.0, -0.0, 0.0, 0.0, 0.0, 1.0],
                [1.0, -0.0, -0.0, 0.0, 0.0, 0.997185, -0.074975, 0.05, 0.0, 0.074975, 0.997185, 0.0, 0.0, 0.0, 0.0, 1.0]
            ]
        },
        {
            "name": "Chest",
            "time": [0.0, 0.1667, 0.2333, 0.3167, 0.5167, 0.8167],
            "transform": [
                [0.989886, 0.133409, -0.048246, -0.0, -0.12019, 0.969326, 0.214386, 0.3, 0.075367, -0.206419, 0.975557, 0.0, 0.0, 0.0, 0.0, 1.0],
                [0.979175, -0.0, -0.203017, 0.0, 0.044603, 0.975567, 0.215125, 0.3, 0.198057, -0.219701, 0.955251, 0.0, 0.0, 0.0, 0.0, 1.0],
                [0.864597, -0.0, 0.502465, -0.0, -0.0, 1.0, 0.0, 0.3, -0.502466, -0.0, 0.864597, 0.0, 0.0, 0.0, 0.0, 1.0],
                [0.955761, -0.029838, 0.292629, 0.0, -0.02046, 0.985689, 0.167331, 0.3, -0.293434, -0.165916, 0.941472, 0.0, 0.0, 0.0, 0.0, 1.0],
                [0.906349, -0.0, 0.42253, -0.0, -0.032001, 0.997128, 0.068644, 0.3, -0.421316, -0.075737, 0.903746, -0.0, 0.0, 0.0, 0.0, 1.0],
                [0.994102, -0.051441, 0.095468, 0.0, 0.029444, 0.975299, 0.218918, 0.3, -0.104371, -0.214816, 0.971062, 1e-06, 0.0, 0.0, 0.0, 1.0]
            ]
        },
        {
            "name": "Head",
            "time": [0.0, 0.1667, 0.2333, 0.3167, 0.5167, 0.8167],
            "transform": [
                [1.0, 0.0, 0.0, -0.0, 0.0, 1.0, -0.0, 0.4, -0.0, 0.0, 1.0, -0.0, 0.0, 0.0, 0.0, 1.0],
                [1.0, 0.0, -0.0, 0.0, 0.0, 1.0, 0.0, 0.4, 0.0, 0.0, 1.0, 0.0, 0.0, 0.0, 0.0, 1.0],
                [0.918149, -0.0, -0.396235, 0.0, 0.0, 1.0, -0.0, 0.4, 0.396235, 0.0, 0.918149, 0.0, 0.0, 0.0, 0.0, 1.0],
                [0.886394, -0.052103, -0.459991, -0.0, -0.0, 0.993646, -0.112551, 0.4, 0.462933, 0.099765, 0.880761, 0.0, 0.0, 0.0, 0.0, 1.0],
                [0.77122, -0.0, -0.636569, -0.0, -0.0, 1.0, -0.0, 0.4, 0.636569, 0.0, 0.77122, 0.0, 0.0, 0.0, 0.0, 1.0],
                [0.99259, 0.0, 0.121513, -0.0, -0.0, 1.0, -0.0, 0.4, -0.121513, 0.0, 0.99259, -0.0, 0.0, 0.0, 0.0, 1.0]
            ]
        },
        {
            "name": "Shoulder_R",
            "time": [0.0, 0.1667, 0.2333, 0.3167, 0.5167, 0.8167],
            "transform": [
                [0.130771, 0.94309, 0.305743, -0.0, -0.041993, -0.302846, 0.952114, 0.4, 0.990523, -0.137348, -0.0, -0.0, 0.0, 0.0, 0.0, 1.0],
                [-0.397922, 0.893183, 0.20948, 0.0, -0.058824, -0.252706, 0.965753, 0.4, 0.915531, 0.371972, 0.153098, 0.0, 0.0, 0.0, 0.0, 1.0],
                [-0.198944, 0.973485, 0.112907, 0.0, 0.047636, -0.105467, 0.993281, 0.4, 0.978852, 0.202986, -0.02539, 0.0, 0.0, 0.0, 0.0, 1.0],
                [-0.108231, 0.945761, 0.306302, -0.0, 0.011649, -0.306884, 0.951676, 0.4, 0.994057, 0.106569, 0.022197, 0.0, 0.0, 0.0, 0.0, 1.0],
                [-0.113124, 0.918936, 0.377835, -0.0, 0.026513, -0.377349, 0.925692, 0.4, 0.993227, 0.114735, 0.018323, 0.0, 0.0, 0.0, 0.0, 1.0],
                [-0.115132, 0.9365, 0.331228, -0.0, -0.013545, -0.334894, 0.942158, 0.4, 0.993258, 0.103986, 0.051242, -0.0, 0.0, 0.0, 0.0, 1.0]
            ]
        },
        {
            "name": "Arm_R",
            "time": [0.0, 0.1667, 0.2333, 0.3167, 0.5167, 0.8167],
            "transform": [
                [-0.050488, 0.283725, -0.957576, -0.0, -0.200659, 0.936366, 0.28802, 0.39386, 0.978359, 0.206688, 0.009657, 0.0, 0.0, 0.0, 0.0, 1.0],
                [0.306167, 0.450435, -0.838672, -0.0, 0.028788, 0.876195, 0.481097, 0.393861, 0.951543, -0.171439, 0.255294, -0.0, 0.0, 0.0, 0.0, 1.0],
                [0.01906, -0.012957, -0.999734, 0.0, -0.262894, 0.964666, -0.017515, 0.39386, 0.964636, 0.263158, 0.01498, -0.0, 0.0, 0.0, 0.0, 1.0],
                [0.031964, -0.292668, -0.95568, 0.0, -0.013454, 0.955956, -0.293203, 0.39386, 0.999399, 0.022229, 0.026619, -0.0, 0.0, 0.0, 0.0, 1.0],
                [0.031964, -0.012603, -0.999409, 0.0, -0.013454, 0.999825, -0.013038, 0.39386, 0.999399, 0.013863, 0.031789, -0.0, 0.0, 0.0, 0.0, 1.0],
                [0.031094, -0.011467, -0.999451, 0.0, 0.823066, 0.567625, 0.019094, 0.39386, 0.567094, -0.823208, 0.027088, 0.0, 0.0, 0.0, 0.0, 1.0]
            ]
        },
        {
            "name": "Hand_R",
            "time": [0.0, 0.1667, 0.2333, 0.3167, 0.5167, 0.8167],
            "transform": [
                [1.0, 0.0, -0.0, -0.0, -0.0, 0.828663, -0.559748, 0.3, -0.0, 0.559748, 0.828663, -0.0, 0.0, 0.0, 0.0, 1.0],
                [1.0, -1e-06, 1e-06, 0.0, 1e-06, -0.069449, -0.997585, 0.3, 1e-06, 0.997586, -0.069449, 0.0, 0.0, 0.0, 0.0, 1.0],
                [1.0, 0.0, 0.0, 0.0, -0.0, 0.948522, -0.31671, 0.3, -0.0, 0.31671, 0.948522, -0.0, 0.0, 0.0, 0.0, 1.0],
                [1.0, 0.0, 0.0, -0.0, -0.0, 0.984088, -0.177681, 0.3, -0.0, 0.177681, 0.984088, 0.0, 0.0, 0.0, 0.0, 1.0],
                [1.0, 0.0, 0.0, 0.0, -0.0, 0.984088, -0.177681, 0.3, -0.0, 0.177681, 0.984088, -0.0, 0.0, 0.0, 0.0, 1.0],
                [1.0, 0.0, 0.0, 0.0, -0.0, 0.960594, -0.277956, 0.3, -0.0, 0.277956, 0.960594, 0.0, 0.0, 0.0, 0.0, 1.0]
            ]
        },
        {
            "name": "Tool_R",
            "time": [0.0, 0.1667, 0.2333, 0.3167, 0.5167, 0.8167],
            "transform": [
                [0.355498, 0.933074, -0.054697, -0.0, 0.890028, -0.320063, 0.324675, 0.272858, 0.28544, -0.164102, -0.944242, -0.0, 0.0, 0.0, 0.0, 1.0],
                [0.169141, 0.961088, -0.218399, -0.0, 0.819787, -0.260198, -0.510147, 0.272858, -0.547126, -0.092754, -0.831896, 0.0, 0.0, 0.0, 0.0, 1.0],
                [-0.122477, 0.992465, -0.003221, -0.037498, -0.029013, -0.006825, -0.999555, -0.067951, -0.99205, -0.122329, 0.02963, -0.075548, 0.0, 0.0, 0.0, 1.0],
                [-0.056485, 0.9523, -0.299887, -0.135611, -0.000739, -0.300406, -0.953811, -0.094391, -0.998406, -0.053654, 0.017672, -0.075615, 0.0, 0.0, 0.0, 1.0],
                [-0.083721, 0.946423, -0.311884, -0.135611, -0.052371, -0.316728, -0.947069, -0.094391, -0.995115, -0.062955, 0.076082, -0.075615, 0.0, 0.0, 0.0, 1.0],
                [0.896043, -0.0, -0.443971, 0.0, -0.183099, -0.910997, -0.369538, 0.272858, -0.404457, 0.412412, -0.816291, -0.0, 0.0, 0.0, 0.0, 1.0]
            ]
        },
        {
            "name": "Elbow_R",
            "time": [0.0, 0.1667, 0.2333, 0.3167, 0.5167, 0.8167],
            "transform": [
                [-1.0, 0.0, -0.0, -0.0, 0.0, -0.0, -1.0, 0.3, -0.0, -1.0, 0.0, -0.0, 0.0, 0.0, 0.0, 1.0],
                [-1.0, 0.0, -0.0, 0.0, 0.0, 0.0, -1.0, 0.3, -0.0, -1.0, -0.0, 0.0, 0.0, 0.0, 0.0, 1.0],
                [-1.0, 0.0, -0.0, 0.0, 0.0, 0.0, -1.0, 0.3, -0.0, -1.0, -0.0, -0.0, 0.0, 0.0, 0.0, 1.0],
                [-1.0, 0.0, -0.0, -0.0, 0.0, 0.0, -1.0, 0.3, -0.0, -1.0, -0.0, 0.0, 0.0, 0.0, 0.0, 1.0],
                [-1.0, 0.0, 0.0, 0.0, 0.0, 0.0, -1.0, 0.3, -0.0, -1.0, -0.0, -0.0, 0.0, 0.0, 0.0, 1.0],
                [-1.0, 0.0, -0.0, 0.0, 0.0, 0.0, -1.0, 0.3, -0.0, -1.0, -0.0, 0.0, 0.0, 0.0, 0.0, 1.0]
            ]
        },
        {
            "name": "Shoulder_L",
            "time": [0.0, 0.1667, 0.2333, 0.3167, 0.5167, 0.8167],
            "transform": [
                [-0.15821, -0.969775, -0.185755, -0.0, -0.05603, -0.179004, 0.982252, 0.4, -0.985814, 0.16581, -0.026016, -0.0, 0.0, 0.0, 0.0, 1.0],
                [0.065196, -0.997462, 0.028629, 0.0, -0.083624, 0.023128, 0.996229, 0.4, -0.994362, -0.067344, -0.081904, 0.0, 0.0, 0.0, 0.0, 1.0],
                [-0.292973, -0.940017, -0.17474, 0.0, -0.091344, -0.154405, 0.983776, 0.4, -0.951747, 0.304181, -0.040628, 0.0, 0.0, 0.0, 0.0, 1.0],
                [-0.292973, -0.940017, -0.17474, -0.0, -0.091344, -0.154405, 0.983776, 0.4, -0.951747, 0.304181, -0.040628, 0.0, 0.0, 0.0, 0.0, 1.0],
                [-0.292973, -0.940017, -0.17474, -0.0, -0.091344, -0.154405, 0.983776, 0.4, -0.951747, 0.304181, -0.040628, 0.0, 0.0, 0.0, 0.0, 1.0],
                [-0.0, -0.952114, -0.305743, -0.0, 0.0, -0.305743, 0.952114, 0.4, -1.0, -0.0, 0.0, -0.0, 0.0, 0.0, 0.0, 1.0]
            ]
        },
        {
            "name": "Arm_L",
            "time": [0.0, 0.1667, 0.2333, 0.3167, 0.5167, 0.8167],
            "transform": [
                [0.191902, -0.484157, 0.853678, 0.0, 0.117179, 0.874926, 0.469866, 0.39386, -0.974394, 0.009865, 0.224633, 0.0, 0.0, 0.0, 0.0, 1.0],
                [0.634364, 0.21962, 0.741181, 0.0, 0.175362, 0.892915, -0.41467, 0.39386, -0.752881, 0.393027, 0.52792, -0.0, 0.0, 0.0, 0.0, 1.0],
                [-0.274569, -0.140258, 0.951283, 0.0, -0.423001, 0.906056, 0.011499, 0.393861, -0.863529, -0.399236, -0.308104, 0.0, 0.0, 0.0, 0.0, 1.0],
                [-0.274569, -0.140258, 0.951283, -0.0, -0.423001, 0.906056, 0.011499, 0.39386, -0.863529, -0.399236, -0.308104, -0.0, 0.0, 0.0, 0.0, 1.0],
                [-0.274569, -0.140258, 0.951283, -0.0, -0.423001, 0.906057, 0.011499, 0.39386, -0.863529, -0.399236, -0.308104, -0.0, 0.0, 0.0, 0.0, 1.0],
                [0.153053, 0.081962, 0.984813, 0.0, -0.727532, 0.683772, 0.056161, 0.39386, -0.668784, -0.725078, 0.164283, 0.0, 0.0, 0.0, 0.0, 1.0]
            ]
        },
        {
            "name": "Hand_L",
            "time": [0.0, 0.1667, 0.2333, 0.3167, 0.5167, 0.8167],
            "transform": [
                [1.0, -1e-06, -0.0, 0.0, -0.0, -0.387482, -0.921878, 0.3, 1e-06, 0.921877, -0.387482, -0.0, 0.0, 0.0, 0.0, 1.0],
                [1.0, -1e-06, -1e-06, 0.0, -1e-06, 0.342269, -0.939602, 0.3, 1e-06, 0.939602, 0.342269, 0.0, 0.0, 0.0, 0.0, 1.0],
                [1.0, -1e-06, -2e-06, 0.0, -2e-06, 0.011794, -0.999931, 0.3, 1e-06, 0.999931, 0.011794, -0.0, 0.0, 0.0, 0.0, 1.0],
                [1.0, -1e-06, -2e-06, -0.0, -2e-06, 0.011794, -0.999931, 0.3, 1e-06, 0.99993, 0.011794, 0.0, 0.0, 0.0, 0.0, 1.0],
                [1.0, -1e-06, -2e-06, 0.0, -2e-06, 0.011794, -0.999931, 0.3, 1e-06, 0.999931, 0.011794, 0.0, 0.0, 0.0, 0.0, 1.0],
                [1.0, -0.0, 0.0, 0.0, 0.0, 0.954479, -0.298278, 0.3, -0.0, 0.298278, 0.954479, -0.0, 0.0, 0.0, 0.0, 1.0]
            ]
        },
        {
            "name": "Tool_L",
            "time": [0.0, 0.1667, 0.2333, 0.3167, 0.5167, 0.8167],
            "transform": [
                [1.0, 0.0, 0.0, 0.0, -0.0, -0.999836, 0.018122, 0.272858, 0.0, -0.018122, -0.999836, -0.0, 0.0, 0.0, 0.0, 1.0],
                [1.0, 0.0, 0.0, 0.0, 0.0, -0.999836, 0.018122, 0.272858, 0.0, -0.018122, -0.999836, -0.0, 0.0, 0.0, 0.0, 1.0],
                [1.0, -0.0, 0.0, -0.0, 0.0, -0.999836, 0.018122, 0.272858, 0.0, -0.018122, -0.999836, -0.0, 0.0, 0.0, 0.0, 1.0],
                [1.0, -0.0, 0.0, -0.0, -0.0, -0.999836, 0.018122, 0.272858, 0.0, -0.018122, -0.999836, 0.0, 0.0, 0.0, 0.0, 1.0],
                [1.0, 0.0, 0.0, 0.0, -0.0, -0.999836, 0.018122, 0.272858, 0.0, -0.018122, -0.999836, 0.0, 0.0, 0.0, 0.0, 1.0],
                [1.0, 0.0, 0.0, 0.0, -0.0, -0.999836, 0.018122, 0.272858, 0.0, -0.018122, -0.999836, -0.0, 0.0, 0.0, 0.0, 1.0]
            ]
        },
        {
            "name": "Elbow_L",
            "time": [0.0, 0.1667, 0.2333, 0.3167, 0.5167, 0.8167],
            "transform": [
                [-1.0, 1e-06, 1e-06, 0.0, 0.0, 0.879481, -0.475935, 0.3, -1e-06, -0.475934, -0.879481, -0.0, 0.0, 0.0, 0.0, 1.0],
                [-1.0, 1e-06, 0.0, 0.0, 0.0, 0.707417, -0.706796, 0.3, -1e-06, -0.706796, -0.707417, 0.0, 0.0, 0.0, 0.0, 1.0],
                [-1.0, 0.0, -0.0, 0.0, 0.0, -0.0, -1.0, 0.3, -0.0, -1.0, 0.0, -0.0, 0.0, 0.0, 0.0, 1.0],
                [-1.0, 0.0, -0.0, -0.0, -0.0, -0.0, -1.0, 0.3, -0.0, -1.0, 0.0, 0.0, 0.0, 0.0, 0.0, 1.0],
                [-1.0, 0.0, 0.0, 0.0, 0.0, -0.0, -1.0, 0.3, -0.0, -1.0, -0.0, 0.0, 0.0, 0.0, 0.0, 1.0],
                [-1.0, 0.0, -0.0, 0.0, 0.0, -0.0, -1.0, 0.3, -0.0, -1.0, 0.0, -0.0, 0.0, 0.0, 0.0, 1.0]
            ]
        }
    ]
}