{
    "animation": [
        {
            "name": "Root",
            "time": [0.0, 0.0833, 0.1667, 0.1833, 0.3833, 0.8167],
            "transform": [
                [0.997967, 0.026673, 0.057885, -5e-06, 0.060788, -0.12539, -0.990243, 0.169029, -0.019154, 0.991749, -0.126757, 0.698087, 0.0, 0.0, 0.0, 1.0],
                [0.999397, 0.031756, -0.014028, -5e-06, -0.016206, 0.069401, -0.997457, 0.335479, -0.030702, 0.997083, 0.069874, 0.656532, 0.0, 0.0, 0.0, 1.0],
                [-0.206153, 0.043865, -0.977536, -5e-06, -0.978469, -0.019431, 0.205477, 0.666986, -0.009982, 0.998848, 0.046927, 0.598201, 0.0, 0.0, 0.0, 1.0],
                [-0.244813, 0.043865, -0.968578, -5e-06, -0.969537, -0.019431, 0.244175, 0.666986, -0.00811, 0.998848, 0.047286, 0.598201, 0.0, 0.0, 0.0, 1.0],
                [-0.206153, 0.043865, -0.977536, -5e-06, -0.978469, -0.019431, 0.205477, 0.666986, -0.009982, 0.998848, 0.046927, 0.598201, 0.0, 0.0, 0.0, 1.0],
                [1.0, 0.0, 0.0, -5e-06, 0.0, -0.012594, -0.999921, 1.053211, 0.0, 0.999921, -0.012594, 0.753857, 0.0, 0.0, 0.0, 1.0]
            ]
        },
        {
            "name": "Thigh_R",
            "time": [0.0, 0.0833, 0.1667, 0.1833, 0.3833, 0.8167],
            "transform": [
                [0.983758, 0.057571, -0.170016, 0.124994, 0.084863, -0.983801, 0.157903, -0.002831, -0.158171, -0.169767, -0.972708, -1.2e-05, 0.0, 0.0, 0.0, 1.0],
                [0.994649, 0.057091, -0.086104, 0.124994, 0.076787, -0.966107, 0.246453, -0.002831, -0.069115, -0.251746, -0.965322, -1.2e-05, 0.0, 0.0, 0.0, 1.0],
                [0.885171, 0.410998, -0.218068, 0.124994, 0.447727, -0.624972, 0.639491, -0.002831, 0.126544, -0.663694, -0.737222, -1.2e-05, 0.0, 0.0, 0.0, 1.0],
                [0.893778, 0.413702, -0.173236, 0.124994, 0.413442, -0.610237, 0.675777, -0.002831, 0.173856, -0.675619, -0.716459, -1.2e-05, 0.0, 0.0, 0.0, 1.0],
                [0.885171, 0.410998, -0.218068, 0.124994, 0.447727, -0.624972, 0.639491, -0.002831, 0.126544, -0.663694, -0.737222, -1.2e-05, 0.0, 0.0, 0.0, 1.0],
                [0.989882, 0.134688, 0.044645, 0.124994, 0.129799, -0.986626, 0.09859, -0.002831, 0.057327, -0.091797, -0.994126, -1.2e-05, 0.0, 0.0, 0.0, 1.0]
            ]
        },
        {
            "name": "Leg_R",
            "time": [0.0, 0.0833, 0.1667, 0.1833, 0.3833, 0.8167],
            "transform": [
                [1.0, 5.5e-05, 4e-05, -0.0, -6.7e-05, 0.688037, 0.725676, 0.37472, 1.3e-05, -0.725675, 0.688037, 0.0, 0.0, 0.0, 0.0, 1.0],
                [1.0, 4.6e-05, 4.4e-05, 0.0, -6.3e-05, 0.583976, 0.811771, 0.37472, 1.2e-05, -0.81177, 0.583976, -0.0, 0.0, 0.0, 0.0, 1.0],
                [1.0, 0.000238, 0.000216, 0.0, -0.000321, 0.705862, 0.708349, 0.37472, 1.6e-05, -0.708349, 0.705861, 0.0, 0.0, 0.0, 0.0, 1.0],
                [1.0, 0.000235, 0.000212, 0.0, -0.000316, 0.71423, 0.69991, 0.37472, 1.3e-05, -0.699911, 0.71423, -0.0, 0.0, 0.0, 0.0, 1.0],
                [1.0, 0.000238, 0.000216, 0.0, -0.000321, 0.705862, 0.708349, 0.37472, 1.6e-05, -0.708349, 0.705861, 0.0, 0.0, 0.0, 0.0, 1.0],
                [1.0, 0.000109, 8e-06, 0.0, -0.000108, 0.979651, 0.20071, 0.37472, 1.4e-05, -0.200709, 0.979651, -0.0, 0.0, 0.0, 0.0, 1.0]
            ]
        },
        {
            "name": "Knee_R",
            "time": [0.0, 0.0833, 0.1667, 0.1833, 0.3833, 0.8167],
            "transform": [
                [1.0, 0.0, -0.0, -0.0, -0.0, 0.0, -1.0, 0.37472, -0.0, 1.0, 0.0, 0.0, 0.0, 0.0, 0.0, 1.0],
                [1.0, 0.0, -0.0, -0.0, -0.0, 0.0, -1.0, 0.37472, -0.0, 1.0, 0.0, 0.0, 0.0, 0.0, 0.0, 1.0],
                [1.0, 0.0, -0.0, 0.0, -0.0, 0.0, -1.0, 0.37472, -0.0, 1.0, 0.0, -0.0, 0.0, 0.0, 0.0, 1.0],
                [1.0, 0.0, -0.0, -0.0, -0.0, 0.0, -1.0, 0.37472, -0.0, 1.0, 0.0, -0.0, 0.0, 0.0, 0.0, 1.0],
                [1.0, 0.0, -0.0, 0.0, -0.0, 0.0, -1.0, 0.37472, -0.0, 1.0, 0.0, -0.0, 0.0, 0.0, 0.0, 1.0],
                [1.0, 0.0, -0.0, 0.0, -0.0, 0.0, -1.0, 0.37472, -0.0, 1.0, 0.0, -0.0, 0.0, 0.0, 0.0, 1.0]
            ]
        },
        {
            "name": "Thigh_L",
            "time": [0.0, 0.0833, 0.1667, 0.1833, 0.3833, 0.8167],
            "transform": [
                [0.92887, -0.350495, -0.119813, -0.125006, -0.305255, -0.907556, 0.288376, -0.002831, -0.209811, -0.23129, -0.949992, -1.2e-05, 0.0, 0.0, 0.0, 1.0],
                [0.991436, -0.130008, -0.01235, -0.125006, -0.075224, -0.645823, 0.759771, -0.002831, -0.106752, -0.752337, -0.650072, -1.2e-05, 0.0, 0.0, 0.0, 1.0],
                [0.838024, -0.468458, -0.279756, -0.125006, -0.384004, -0.870606, 0.307546, -0.002831, -0.38763, -0.150304, -0.909479, -1.2e-05, 0.0, 0.0, 0.0, 1.0],
                [0.840761, -0.458442, -0.288013, -0.125006, -0.382454, -0.879441, 0.283389, -0.002831, -0.383209, -0.128111, -0.914735, -1.2e-05, 0.0, 0.0, 0.0, 1.0],
                [0.838024, -0.468458, -0.279756, -0.125006, -0.384004, -0.870606, 0.307546, -0.002831, -0.38763, -0.150304, -0.909479, -1.2e-05, 0.0, 0.0, 0.0, 1.0],
                [0.990992, -0.10152, -0.087339, -0.125006, -0.085739, -0.981957, 0.168548, -0.002831, -0.102874, -0.159542, -0.981817, -1.2e-05, 0.0, 0.0, 0.0, 1.0]
            ]
        },
        {
            "name": "Leg_L",
            "time": [0.0, 0.0833, 0.1667, 0.1833, 0.3833, 0.8167],
            "transform": [
                [1.0, -8.3e-05, -0.000145, 0.0, 0.000161, 0.234547, 0.972105, 0.37472, -4.7e-05, -0.972104, 0.234546, 0.0, 0.0, 0.0, 0.0, 1.0],
                [1.0, -1.1e-05, -3e-05, 0.0, 3.1e-05, 0.204749, 0.978814, 0.37472, -5e-06, -0.978815, 0.204749, -0.0, 0.0, 0.0, 0.0, 1.0],
                [1.0, -0.000169, -0.000137, 0.0, 0.000214, 0.645249, 0.763972, 0.37472, -4e-05, -0.763972, 0.645249, 0.0, 0.0, 0.0, 0.0, 1.0],
                [1.0, -0.00017, -0.000134, 0.0, 0.000212, 0.651342, 0.758785, 0.37472, -4.1e-05, -0.758784, 0.651341, -0.0, 0.0, 0.0, 0.0, 1.0],
                [1.0, -0.000169, -0.000137, 0.0, 0.000214, 0.645249, 0.763972, 0.37472, -4e-05, -0.763972, 0.645249, 0.0, 0.0, 0.0, 0.0, 1.0],
                [1.0, -4.1e-05, -5e-06, 0.0, 4.1e-05, 0.965419, 0.260702, 0.37472, -6e-06, -0.260702, 0.965419, -0.0, 0.0, 0.0, 0.0, 1.0]
            ]
        },
        {
            "name": "Knee_L",
            "time": [0.0, 0.0833, 0.1667, 0.1833, 0.3833, 0.8167],
            "transform": [
                [1.0, 0.0, -0.0, 0.0, -0.0, 0.0, -1.0, 0.37472, -0.0, 1.0, 0.0, 0.0, 0.0, 0.0, 0.0, 1.0],
                [1.0, 0.0, -0.0, 0.0, -0.0, 0.0, -1.0, 0.37472, -0.0, 1.0, 0.0, -0.0, 0.0, 0.0, 0.0, 1.0],
                [1.0, 0.0, -0.0, 0.0, -1e-06, 0.0, -1.0, 0.37472, -0.0, 1.0, 0.0, 0.0, 0.0, 0.0, 0.0, 1.0],
                [1.0, 0.0, -0.0, 0.0, -0.0, 0.0, -1.0, 0.37472, -0.0, 1.0, 0.0, -0.0, 0.0, 0.0, 0.0, 1.0],
                [1.0, 0.0, -0.0, 0.0, -1e-06, 0.0, -1.0, 0.37472, -0.0, 1.0, 0.0, 0.0, 0.0, 0.0, 0.0, 1.0],
                [1.0, 0.0, -0.0, 0.0, -0.0, 0.0, -1.0, 0.37472, -0.0, 1.0, 0.0, 0.0, 0.0, 0.0, 0.0, 1.0]
            ]
        },
        {
            "name": "Torso",
            "time": [0.0, 0.0833, 0.1667, 0.1833, 0.3833, 0.8167],
            "transform": [
                [1.0, -0.0, 0.0, 0.0, 0.0, 0.998097, 0.061662, 0.05, -0.0, -0.061662, 0.998097, 0.0, 0.0, 0.0, 0.0, 1.0],
                [1.0, -0.0, 0.0, -0.0, 0.0, 0.998097, 0.061662, 0.05, -0.0, -0.061662, 0.998097, 0.0, 0.0, 0.0, 0.0, 1.0],
                [1.0, -0.0, -0.0, -0.0, 0.0, 0.998097, 0.061662, 0.05, 0.0, -0.061662, 0.998097, 0.0, 0.0, 0.0, 0.0, 1.0],
                [1.0, -0.0, 0.0, -0.0, 0.0, 0.998097, 0.061662, 0.05, 0.0, -0.061662, 0.998097, 0.0, 0.0, 0.0, 0.0, 1.0],
                [1.0, -0.0, -0.0, -0.0, 0.0, 0.998097, 0.061662, 0.05, 0.0, -0.061662, 0.998097, 0.0, 0.0, 0.0, 0.0, 1.0],
                [1.0, 0.0, 0.0, 0.0, 0.0, 1.0, 0.0, 0.05, 0.0, 0.0, 1.0, -0.0, 0.0, 0.0, 0.0, 1.0]
            ]
        },
        {
            "name": "Chest",
            "time": [0.0, 0.0833, 0.1667, 0.1833, 0.3833, 0.8167],
            "transform": [
                [0.975104, 0.0, 0.221748, -0.0, -0.040248, 0.98339, 0.176986, 0.3, -0.218065, -0.181504, 0.958908, -0.0, 0.0, 0.0, 0.0, 1.0],
                [0.992741, 0.002956, 0.120233, -0.0, -0.020325, 0.989442, 0.143494, 0.3, -0.118539, -0.144896, 0.982321, 0.0, 0.0, 0.0, 0.0, 1.0],
                [0.999261, -0.0, -0.038423, -0.0, 0.003382, 0.996119, 0.087948, 0.3, 0.038274, -0.088013, 0.995384, -0.0, 0.0, 0.0, 0.0, 1.0],
                [0.999262, -0.0, -0.038423, 0.0, 0.003382, 0.996119, 0.087948, 0.3, 0.038274, -0.088013, 0.995384, -0.0, 0.0, 0.0, 0.0, 1.0],
                [0.999261, -0.0, -0.038423, -0.0, 0.003382, 0.996119, 0.087948, 0.3, 0.038274, -0.088013, 0.995384, -0.0, 0.0, 0.0, 0.0, 1.0],
                [0.978252, 0.008907, -0.20723, 0.0, -0.0, 0.999078, 0.04294, 0.3, 0.207421, -0.042006, 0.97735, -0.0, 0.0, 0.0, 0.0, 1.0]
            ]
        },
        {
            "name": "Head",
            "time": [0.0, 0.0833, 0.1667, 0.1833, 0.3833, 0.8167],
            "transform": [
                [0.949198, -0.0, -0.314678, 0.0, 0.0, 1.0, -0.0, 0.4, 0.314678, 0.0, 0.949199, -0.0, 0.0, 0.0, 0.0, 1.0],
                [0.981204, -0.0, -0.192975, -0.0, 0.0, 1.0, -0.0, 0.4, 0.192975, 0.0, 0.981204, 0.0, 0.0, 0.0, 0.0, 1.0],
                [1.0, 0.0, -0.0, -0.0, 0.0, 1.0, 0.0, 0.4, 0.0, -0.0, 1.0, -0.0, 0.0, 0.0, 0.0, 1.0],
                [1.0, -0.0, 0.0, -0.0, -0.0, 1.0, -0.0, 0.4, -0.0, 0.0, 1.0, -0.0, 0.0, 0.0, 0.0, 1.0],
                [1.0, 0.0, -0.0, -0.0, 0.0, 1.0, 0.0, 0.4, 0.0, -0.0, 1.0, -0.0, 0.0, 0.0, 0.0, 1.0],
                [0.962194, 0.0, 0.272365, -0.0, -0.0, 1.0, -0.0, 0.4, -0.272365, 0.0, 0.962194, 0.0, 0.0, 0.0, 0.0, 1.0]
            ]
        },
        {
            "name": "Shoulder_R",
            "time": [0.0, 0.0833, 0.1667, 0.1833, 0.3833, 0.8167],
            "transform": [
                [0.27156, 0.871948, 0.407383, 0.0, -0.055399, -0.408426, 0.911109, 0.4, 0.960826, -0.26999, -0.062608, -0.0, 0.0, 0.0, 0.0, 1.0],
                [0.07662, 0.919914, 0.384562, -0.0, -0.009104, -0.385034, 0.922858, 0.4, 0.997019, -0.074211, -0.021126, 0.0, 0.0, 0.0, 0.0, 1.0],
                [-0.230459, 0.91404, 0.333795, -0.0, 0.049848, -0.331488, 0.942141, 0.4, 0.971804, 0.233764, 0.030831, -0.0, 0.0, 0.0, 0.0, 1.0],
                [-0.230459, 0.91404, 0.333795, -0.0, 0.049848, -0.331489, 0.942141, 0.4, 0.971804, 0.233764, 0.030831, -0.0, 0.0, 0.0, 0.0, 1.0],
                [-0.230459, 0.91404, 0.333795, -0.0, 0.049848, -0.331488, 0.942141, 0.4, 0.971804, 0.233764, 0.030831, -0.0, 0.0, 0.0, 0.0, 1.0],
                [-0.067769, 0.962545, 0.262517, -0.0, -0.028398, -0.264876, 0.963864, 0.4, 0.997296, 0.057865, 0.045285, 0.0, 0.0, 0.0, 0.0, 1.0]
            ]
        },
        {
            "name": "Arm_R",
            "time": [0.0, 0.0833, 0.1667, 0.1833, 0.3833, 0.8167],
            "transform": [
                [-0.032212, -0.994636, 0.098301, 0.0, -0.487734, -0.070204, -0.870165, 0.39386, 0.872398, -0.075974, -0.482856, 0.0, 0.0, 0.0, 0.0, 1.0],
                [0.008671, -0.94954, -0.313526, 0.0, -0.326651, 0.293648, -0.898371, 0.393861, 0.945105, 0.110203, -0.307622, -0.0, 0.0, 0.0, 0.0, 1.0],
                [0.199051, -0.57193, -0.795786, -0.0, -0.123825, 0.790849, -0.599354, 0.393861, 0.972135, 0.21784, 0.0866, -0.0, 0.0, 0.0, 0.0, 1.0],
                [0.215155, -0.530662, -0.819821, -0.0, -0.125089, 0.817591, -0.562047, 0.393861, 0.968536, 0.223478, 0.109529, -0.0, 0.0, 0.0, 0.0, 1.0],
                [0.199051, -0.57193, -0.795786, -0.0, -0.123825, 0.790849, -0.599354, 0.393861, 0.972135, 0.21784, 0.0866, -0.0, 0.0, 0.0, 0.0, 1.0],
                [0.275372, 0.152672, -0.949137, -0.0, 0.762866, 0.566084, 0.312386, 0.39386, 0.584984, -0.810087, 0.039415, 0.0, 0.0, 0.0, 0.0, 1.0]
            ]
        },
        {
            "name": "Hand_R",
            "time": [0.0, 0.0833, 0.1667, 0.1833, 0.3833, 0.8167],
            "transform": [
                [1.0, 0.0, 0.0, -0.0, -0.0, 0.926464, -0.376384, 0.3, -0.0, 0.376384, 0.926464, 0.0, 0.0, 0.0, 0.0, 1.0],
                [1.0, 0.0, 0.0, 0.0, -0.0, 0.94375, -0.330661, 0.3, -0.0, 0.330661, 0.94375, 0.0, 0.0, 0.0, 0.0, 1.0],
                [1.0, 0.0, 0.0, -0.0, -0.0, 0.965959, -0.258697, 0.3, -0.0, 0.258697, 0.965958, -0.0, 0.0, 0.0, 0.0, 1.0],
                [1.0, 0.0, 0.0, -0.0, -0.0, 0.965959, -0.258697, 0.3, -0.0, 0.258697, 0.965958, 0.0, 0.0, 0.0, 0.0, 1.0],
                [1.0, 0.0, 0.0, -0.0, -0.0, 0.965959, -0.258697, 0.3, -0.0, 0.258697, 0.965958, -0.0, 0.0, 0.0, 0.0, 1.0],
                [1.0, 0.0, 0.0, 0.0, -0.0, 0.958421, -0.28536, 0.3, -0.0, 0.28536, 0.95842, -0.0, 0.0, 0.0, 0.0, 1.0]
            ]
        },
        {
            "name": "Tool_R",
            "time": [0.0, 0.0833, 0.1667, 0.1833, 0.3833, 0.8167],
            "transform": [
                [1.000001, -0.0, 0.0, -0.0, 0.0, -0.880431, -0.474174, 0.272858, 0.0, 0.474174, -0.880432, 0.0, 0.0, 0.0, 0.0, 1.0],
                [0.995874, -0.024613, -0.087355, -0.010376, -0.083162, -0.63291, -0.769746, 0.221021, -0.036342, 0.773834, -0.632345, 0.056578, 0.0, 0.0, 0.0, 1.0],
                [0.974989, 0.006802, -0.222152, -0.026362, -0.220991, -0.076813, -0.972247, 0.141152, -0.023678, 0.997023, -0.073388, 0.143751, 0.0, 0.0, 0.0, 1.0],
                [0.974989, 0.006802, -0.222152, -0.026362, -0.220991, -0.076813, -0.972247, 0.141152, -0.023678, 0.997023, -0.073388, 0.143751, 0.0, 0.0, 0.0, 1.0],
                [0.974989, 0.006802, -0.222152, -0.026362, -0.220991, -0.076813, -0.972247, 0.141152, -0.023678, 0.997023, -0.073388, 0.143751, 0.0, 0.0, 0.0, 1.0],
                [0.981067, 0.168838, -0.094874, -0.0, 0.095492, -0.847903, -0.52148, 0.272858, -0.16849, 0.502548, -0.847972, -0.0, 0.0, 0.0, 0.0, 1.0]
            ]
        },
        {
            "name": "Elbow_R",
            "time": [0.0, 0.0833, 0.1667, 0.1833, 0.3833, 0.8167],
            "transform": [
                [-1.0, 0.0, -0.0, -0.0, 0.0, 0.0, -1.0, 0.3, -0.0, -1.0, -0.0, 0.0, 0.0, 0.0, 0.0, 1.0],
                [-1.0, 0.0, -0.0, 0.0, 0.0, 0.0, -1.0, 0.3, -0.0, -1.0, -0.0, 0.0, 0.0, 0.0, 0.0, 1.0],
                [-1.0, 0.0, -0.0, -0.0, 0.0, 0.0, -1.0, 0.3, -0.0, -1.0, -0.0, -0.0, 0.0, 0.0, 0.0, 1.0],
                [-1.0, 0.0, -0.0, -0.0, 0.0, 0.0, -1.0, 0.3, -0.0, -1.0, -0.0, 0.0, 0.0, 0.0, 0.0, 1.0],
                [-1.0, 0.0, -0.0, -0.0, 0.0, 0.0, -1.0, 0.3, -0.0, -1.0, -0.0, -0.0, 0.0, 0.0, 0.0, 1.0],
                [-1.0, 0.0, 0.0, 0.0, 0.0, 0.0, -1.0, 0.3, -0.0, -1.0, -0.0, -0.0, 0.0, 0.0, 0.0, 1.0]
            ]
        },
        {
            "name": "Shoulder_L",
            "time": [0.0, 0.0833, 0.1667, 0.1833, 0.3833, 0.8167],
            "transform": [
                [-0.01533, -0.940588, -0.339204, 0.0, -0.017809, -0.338933, 0.940642, 0.4, -0.999724, 0.020461, -0.011555, -0.0, 0.0, 0.0, 0.0, 1.0],
                [-0.066716, -0.938344, -0.339204, -0.0, -0.036308, -0.337453, 0.940642, 0.4, -0.997111, 0.075072, -0.011555, 0.0, 0.0, 0.0, 0.0, 1.0],
                [-0.145458, -0.929399, -0.339204, -0.0, -0.064582, -0.3332, 0.940642, 0.4, -0.987254, 0.158731, -0.011555, -0.0, 0.0, 0.0, 0.0, 1.0],
                [-0.145459, -0.929399, -0.339204, -0.0, -0.064582, -0.3332, 0.940642, 0.4, -0.987254, 0.158731, -0.011555, -0.0, 0.0, 0.0, 0.0, 1.0],
                [-0.145458, -0.929399, -0.339204, -0.0, -0.064582, -0.3332, 0.940642, 0.4, -0.987254, 0.158731, -0.011555, -0.0, 0.0, 0.0, 0.0, 1.0],
                [-0.0, -0.952114, -0.305743, -0.0, 0.0, -0.305743, 0.952114, 0.4, -1.0, 0.0, 0.0, 0.0, 0.0, 0.0, 0.0, 1.0]
            ]
        },
        {
            "name": "Arm_L",
            "time": [0.0, 0.0833, 0.1667, 0.1833, 0.3833, 0.8167],
            "transform": [
                [0.243459, -0.238181, 0.940211, 0.0, -0.859363, 0.396474, 0.322961, 0.39386, -0.449693, -0.88661, -0.108159, 0.0, 0.0, 0.0, 0.0, 1.0],
                [0.376698, -0.260081, 0.889076, 0.0, -0.666314, 0.590681, 0.455106, 0.39386, -0.643525, -0.763841, 0.049213, 0.0, 0.0, 0.0, 0.0, 1.0],
                [0.536556, -0.353905, 0.766067, 0.0, -0.255884, 0.796833, 0.54734, 0.39386, -0.804134, -0.489703, 0.336987, -0.0, 0.0, 0.0, 0.0, 1.0],
                [0.516685, -0.351794, 0.780562, -0.0, -0.249704, 0.810131, 0.53041, 0.39386, -0.818954, -0.468964, 0.330738, -0.0, 0.0, 0.0, 0.0, 1.0],
                [0.536556, -0.353905, 0.766067, 0.0, -0.255884, 0.796833, 0.54734, 0.39386, -0.804134, -0.489703, 0.336987, -0.0, 0.0, 0.0, 0.0, 1.0],
                [0.075197, 0.136966, 0.987717, -0.0, -0.815154, 0.578958, -0.018225, 0.39386, -0.574344, -0.803771, 0.155185, 0.0, 0.0, 0.0, 0.0, 1.0]
            ]
        },
        {
            "name": "Hand_L",
            "time": [0.0, 0.0833, 0.1667, 0.1833, 0.3833, 0.8167],
            "transform": [
                [1.0, -0.0, 0.0, -0.0, 0.0, 0.149522, -0.988758, 0.3, -0.0, 0.988759, 0.149522, 0.0, 0.0, 0.0, 0.0, 1.0],
                [1.0, 0.0, 0.0, -0.0, 0.0, -0.16142, -0.986886, 0.3, 0.0, 0.986886, -0.16142, 0.0, 0.0, 0.0, 0.0, 1.0],
                [1.0, 0.0, 0.0, 0.0, 0.0, 0.149522, -0.988758, 0.3, -0.0, 0.988759, 0.149522, -0.0, 0.0, 0.0, 0.0, 1.0],
                [1.0, 0.0, 0.0, 0.0, 0.0, 0.149522, -0.988758, 0.3, -0.0, 0.988759, 0.149522, 0.0, 0.0, 0.0, 0.0, 1.0],
                [1.0, 0.0, 0.0, 0.0, 0.0, 0.149522, -0.988758, 0.3, -0.0, 0.988759, 0.149522, -0.0, 0.0, 0.0, 0.0, 1.0],
                [1.0, -0.0, 0.0, -0.0, 0.0, 0.999929, 0.011952, 0.3, -0.0, -0.011952, 0.999929, 0.0, 0.0, 0.0, 0.0, 1.0]
            ]
        },
        {
            "name": "Tool_L",
            "time": [0.0, 0.0833, 0.1667, 0.1833, 0.3833, 0.8167],
            "transform": [
                [1.0, 0.0, 0.0, -0.0, -0.0, -0.999836, 0.018122, 0.272858, 0.0, -0.018122, -0.999836, 0.0, 0.0, 0.0, 0.0, 1.0],
                [1.0, 0.0, 0.0, -0.0, -0.0, -0.999836, 0.018122, 0.272858, 0.0, -0.018122, -0.999836, 0.0, 0.0, 0.0, 0.0, 1.0],
                [1.0, 0.0, 0.0, -0.0, 0.0, -0.999836, 0.018122, 0.272858, 0.0, -0.018122, -0.999836, 0.0, 0.0, 0.0, 0.0, 1.0],
                [1.0, 0.0, 0.0, 0.0, -0.0, -0.999836, 0.018122, 0.272858, 0.0, -0.018122, -0.999836, 0.0, 0.0, 0.0, 0.0, 1.0],
                [1.0, 0.0, 0.0, -0.0, 0.0, -0.999836, 0.018122, 0.272858, 0.0, -0.018122, -0.999836, 0.0, 0.0, 0.0, 0.0, 1.0],
                [1.0, -0.0, 0.0, 0.0, -0.0, -0.999836, 0.018122, 0.272858, 0.0, -0.018122, -0.999836, 0.0, 0.0, 0.0, 0.0, 1.0]
            ]
        },
        {
            "name": "Elbow_L",
            "time": [0.0, 0.0833, 0.1667, 0.1833, 0.3833, 0.8167],
            "transform": [
                [-1.0, 0.0, -0.0, -0.0, 0.0, -0.0, -1.0, 0.3, -0.0, -1.0, -0.0, 0.0, 0.0, 0.0, 0.0, 1.0],
                [-1.0, 0.0, -0.0, -0.0, 0.0, -0.0, -1.0, 0.3, -0.0, -1.0, 0.0, 0.0, 0.0, 0.0, 0.0, 1.0],
                [-1.0, 0.0, -0.0, 0.0, -0.0, -0.0, -1.0, 0.3, -0.0, -1.0, 0.0, -0.0, 0.0, 0.0, 0.0, 1.0],
                [-1.0, 0.0, -0.0, 0.0, 0.0, -0.0, -1.0, 0.3, -0.0, -1.0, 0.0, 0.0, 0.0, 0.0, 0.0, 1.0],
                [-1.0, 0.0, -0.0, 0.0, -0.0, -0.0, -1.0, 0.3, -0.0, -1.0, 0.0, -0.0, 0.0, 0.0, 0.0, 1.0],
                [-1.0, 0.0, -0.0, -0.0, 0.0, -0.0, -1.0, 0.3, -0.0, -1.0, 0.0, 0.0, 0.0, 0.0, 0.0, 1.0]
            ]
        }
    ]
}