{
    "animation": [
        {
            "name": "Root",
            "time": [0.0, 0.1, 0.2, 0.3, 0.35, 0.4333, 0.4833, 0.5333, 0.7333, 0.8833, 1.0],
            "transform": [
                [0.32601, 0.234016, 0.915944, -0.050704, 0.937501, 0.044691, -0.345101, -0.068449, -0.121694, 0.971205, -0.20482, 0.623867, 0.0, 0.0, 0.0, 1.0],
                [-0.958175, 0.059737, 0.27988, -5e-06, 0.286184, 0.200006, 0.937068, 0.000946, 0.0, 0.977972, -0.208737, 0.655178, 0.0, 0.0, 0.0, 1.0],
                [-0.854166, -0.152116, -0.497254, -5e-06, -0.517354, 0.152241, 0.842121, 0.000946, -0.052397, 0.976567, -0.208737, 0.694612, 0.0, 0.0, 0.0, 1.0],
                [-0.636337, -0.203191, -0.74417, -5e-06, -0.768459, 0.08265, 0.634539, 0.050092, -0.067427, 0.975645, -0.208737, 0.717334, 0.0, 0.0, 0.0, 1.0],
                [-0.380672, -0.193021, -0.904341, -5e-06, -0.92471, 0.079461, 0.372287, 0.050092, 0.0, 0.977972, -0.208737, 0.717334, 0.0, 0.0, 0.0, 1.0],
                [-0.240388, -0.181019, -0.953649, -5e-06, -0.967772, -0.03126, 0.249881, 0.082419, -0.075044, 0.982983, -0.167671, 0.699959, 0.0, 0.0, 0.0, 1.0],
                [-0.240388, -0.181019, -0.953649, -5e-06, -0.967772, -0.03126, 0.249881, 0.082419, -0.075044, 0.982983, -0.167671, 0.699959, 0.0, 0.0, 0.0, 1.0],
                [-0.240388, -0.181019, -0.953649, -5e-06, -0.967772, -0.03126, 0.249881, 0.082419, -0.075044, 0.982983, -0.167671, 0.699959, 0.0, 0.0, 0.0, 1.0],
                [-0.9275, -0.013068, 0.373595, -5e-06, 0.371788, 0.071906, 0.925529, 0.442453, -0.038958, 0.997326, -0.061835, 0.689075, 0.0, 0.0, 0.0, 1.0],
                [0.862796, 0.138214, 0.486292, -5e-06, 0.505482, -0.219785, -0.834376, 0.910986, -0.008442, 0.965708, -0.259494, 0.66095, 0.0, 0.0, 0.0, 1.0],
                [1.0, 0.0, 0.0, -5e-06, 0.0, -0.180316, -0.983609, 1.121977, 0.0, 0.983609, -0.180316, 0.718246, 0.0, 0.0, 0.0, 1.0]
            ]
        },
        {
            "name": "Thigh_R",
            "time": [0.0, 0.1, 0.2, 0.3, 0.35, 0.4333, 0.4833, 0.5333, 0.7333, 0.8833, 1.0],
            "transform": [
                [0.916583, 0.348073, -0.196775, 0.124994, 0.399817, -0.803565, 0.44094, -0.002831, -0.004641, -0.482833, -0.8757, -1.2e-05, 0.0, 0.0, 0.0, 1.0],
                [0.95255, 0.280468, -0.118269, 0.124994, 0.29926, -0.93392, 0.195536, -0.002831, -0.055612, -0.221652, -0.973539, -1.2e-05, 0.0, 0.0, 0.0, 1.0],
                [0.975445, 0.188428, -0.114027, 0.124994, 0.217005, -0.910723, 0.351412, -0.002831, -0.037631, -0.367528, -0.929251, -1.2e-05, 0.0, 0.0, 0.0, 1.0],
                [0.964075, 0.249171, -0.092047, 0.124994, 0.264301, -0.934436, 0.238692, -0.002831, -0.026537, -0.254446, -0.966723, -1.2e-05, 0.0, 0.0, 0.0, 1.0],
                [0.970761, 0.226809, -0.078618, 0.124994, 0.234253, -0.966606, 0.103903, -0.002831, -0.052426, -0.119282, -0.991476, -1.2e-05, 0.0, 0.0, 0.0, 1.0],
                [0.923012, 0.283745, -0.25988, 0.124994, 0.334544, -0.925465, 0.177743, -0.002831, -0.190076, -0.251001, -0.949142, -1.2e-05, 0.0, 0.0, 0.0, 1.0],
                [0.923012, 0.283745, -0.25988, 0.124994, 0.334544, -0.925465, 0.177743, -0.002831, -0.190076, -0.251001, -0.949142, -1.2e-05, 0.0, 0.0, 0.0, 1.0],
                [0.923012, 0.283745, -0.25988, 0.124994, 0.334544, -0.925465, 0.177743, -0.002831, -0.190076, -0.251001, -0.949142, -1.2e-05, 0.0, 0.0, 0.0, 1.0],
                [0.981356, 0.087763, -0.170994, 0.124994, 0.160365, -0.86428, 0.476762, -0.002831, -0.105944, -0.495296, -0.862241, -1.2e-05, 0.0, 0.0, 0.0, 1.0],
                [0.976059, -0.062048, -0.208468, 0.124994, 0.040587, -0.889656, 0.454822, -0.002831, -0.213686, -0.452395, -0.865839, -1.2e-05, 0.0, 0.0, 0.0, 1.0],
                [0.962954, 0.268151, -0.028552, 0.124994, 0.268404, -0.96329, 0.005393, -0.002831, -0.026057, -0.012857, -0.999578, -1.2e-05, 0.0, 0.0, 0.0, 1.0]
            ]
        },
        {
            "name": "Leg_R",
            "time": [0.0, 0.1, 0.2, 0.3, 0.35, 0.4333, 0.4833, 0.5333, 0.7333, 0.8833, 1.0],
            "transform": [
                [1.0, 0.000128, 0.000206, -0.0, -0.00024, 0.386024, 0.922489, 0.37472, 3.8e-05, -0.922489, 0.386023, 0.0, 0.0, 0.0, 0.0, 1.0],
                [1.0, 0.000134, 0.000118, -0.0, -0.000175, 0.612719, 0.790301, 0.37472, 3.3e-05, -0.7903, 0.612719, 0.0, 0.0, 0.0, 0.0, 1.0],
                [1.0, 0.000111, 7.8e-05, -0.0, -0.000135, 0.745212, 0.666827, 0.37472, 1.6e-05, -0.666826, 0.745212, -0.0, 0.0, 0.0, 0.0, 1.0],
                [1.0, 0.000147, 6.5e-05, -0.0, -0.000159, 0.861042, 0.508535, 0.37472, 1.9e-05, -0.508534, 0.861041, -0.0, 0.0, 0.0, 0.0, 1.0],
                [1.0, 0.000133, 4.9e-05, -0.0, -0.00014, 0.876702, 0.481035, 0.37472, 2.1e-05, -0.481033, 0.876702, -0.0, 0.0, 0.0, 0.0, 1.0],
                [1.0, 0.000178, 0.000103, -0.0, -0.000204, 0.7823, 0.622903, 0.37472, 3e-05, -0.622902, 0.782299, -0.0, 0.0, 0.0, 0.0, 1.0],
                [1.0, 0.000178, 0.000103, -0.0, -0.000204, 0.7823, 0.622903, 0.37472, 3e-05, -0.622902, 0.782299, -0.0, 0.0, 0.0, 0.0, 1.0],
                [1.0, 0.000178, 0.000103, -0.0, -0.000204, 0.7823, 0.622903, 0.37472, 3e-05, -0.622902, 0.782299, -0.0, 0.0, 0.0, 0.0, 1.0],
                [1.0, 0.000121, 3.4e-05, -0.0, -0.000126, 0.958817, 0.284028, 0.37472, 2e-06, -0.284027, 0.958816, 0.0, 0.0, 0.0, 0.0, 1.0],
                [1.0, 3.2e-05, 3.4e-05, 0.0, -4.7e-05, 0.617798, 0.786337, 0.37472, 4e-06, -0.786337, 0.617797, 0.0, 0.0, 0.0, 0.0, 1.0],
                [1.0, 0.000133, 5.6e-05, 0.0, -0.000144, 0.902643, 0.430391, 0.37472, 6e-06, -0.43039, 0.902643, -0.0, 0.0, 0.0, 0.0, 1.0]
            ]
        },
        {
            "name": "Knee_R",
            "time": [0.0, 0.1, 0.2, 0.3, 0.35, 0.4333, 0.4833, 0.5333, 0.7333, 0.8833, 1.0],
            "transform": [
                [1.0, 0.0, -0.0, 0.0, -0.0, 0.0, -1.0, 0.37472, -0.0, 1.0, 0.0, 0.0, 0.0, 0.0, 0.0, 1.0],
                [1.0, 0.0, -0.0, -0.0, -0.0, 0.0, -1.0, 0.37472, -0.0, 1.0, 0.0, 0.0, 0.0, 0.0, 0.0, 1.0],
                [1.0, 0.0, -0.0, -0.0, -0.0, 0.0, -1.0, 0.37472, -0.0, 1.0, 0.0, -0.0, 0.0, 0.0, 0.0, 1.0],
                [1.0, 0.0, -0.0, 0.0, -0.0, 0.0, -1.0, 0.37472, -0.0, 1.0, 0.0, -0.0, 0.0, 0.0, 0.0, 1.0],
                [1.0, 0.0, -0.0, -0.0, -0.0, 0.0, -1.0, 0.37472, -0.0, 1.0, 0.0, -0.0, 0.0, 0.0, 0.0, 1.0],
                [1.0, 0.0, -0.0, -0.0, -0.0, 0.0, -1.0, 0.37472, -0.0, 1.0, 0.0, -0.0, 0.0, 0.0, 0.0, 1.0],
                [1.0, 0.0, -0.0, -0.0, -0.0, 0.0, -1.0, 0.37472, -0.0, 1.0, 0.0, -0.0, 0.0, 0.0, 0.0, 1.0],
                [1.0, 0.0, -0.0, -0.0, -0.0, 0.0, -1.0, 0.37472, -0.0, 1.0, 0.0, -0.0, 0.0, 0.0, 0.0, 1.0],
                [1.0, 0.0, -0.0, 0.0, -0.0, 0.0, -1.0, 0.37472, -0.0, 1.0, 0.0, 0.0, 0.0, 0.0, 0.0, 1.0],
                [1.0, 0.0, -0.0, 0.0, -0.0, 0.0, -1.0, 0.37472, -0.0, 1.0, 0.0, 0.0, 0.0, 0.0, 0.0, 1.0],
                [1.0, 0.0, -0.0, 0.0, -0.0, 0.0, -1.0, 0.37472, -0.0, 1.0, 0.0, 0.0, 0.0, 0.0, 0.0, 1.0]
            ]
        },
        {
            "name": "Thigh_L",
            "time": [0.0, 0.1, 0.2, 0.3, 0.35, 0.4333, 0.4833, 0.5333, 0.7333, 0.8833, 1.0],
            "transform": [
                [0.900805, -0.320172, -0.293327, -0.125006, -0.259104, -0.938409, 0.228586, -0.002831, -0.348448, -0.129909, -0.928283, -1.2e-05, 0.0, 0.0, 0.0, 1.0],
                [0.785185, -0.503865, -0.360008, -0.125006, -0.294477, -0.815213, 0.498708, -0.002831, -0.544765, -0.285564, -0.78847, -1.2e-05, 0.0, 0.0, 0.0, 1.0],
                [0.763923, -0.273917, -0.584287, -0.125006, -0.420664, -0.897996, -0.12901, -0.002831, -0.48935, 0.344342, -0.801227, -1.2e-05, 0.0, 0.0, 0.0, 1.0],
                [0.767494, -0.192923, -0.611338, -0.125006, -0.396886, -0.891894, -0.216805, -0.002831, -0.503422, 0.409028, -0.761093, -1.2e-05, 0.0, 0.0, 0.0, 1.0],
                [0.740293, -0.391816, -0.546303, -0.125006, -0.411171, -0.906782, 0.09318, -0.002831, -0.531888, 0.155643, -0.832389, -1.2e-05, 0.0, 0.0, 0.0, 1.0],
                [0.771472, -0.352892, -0.529432, -0.125006, -0.271993, -0.935146, 0.226979, -0.002831, -0.575196, -0.031106, -0.817424, -1.2e-05, 0.0, 0.0, 0.0, 1.0],
                [0.771472, -0.352892, -0.529432, -0.125006, -0.271993, -0.935146, 0.226979, -0.002831, -0.575196, -0.031106, -0.817424, -1.2e-05, 0.0, 0.0, 0.0, 1.0],
                [0.771472, -0.352892, -0.529432, -0.125006, -0.271993, -0.935146, 0.226979, -0.002831, -0.575196, -0.031106, -0.817424, -1.2e-05, 0.0, 0.0, 0.0, 1.0],
                [0.931546, -0.15588, -0.328516, -0.125006, -0.21478, -0.964887, -0.151198, -0.002831, -0.293413, 0.211407, -0.932318, -1.2e-05, 0.0, 0.0, 0.0, 1.0],
                [0.794042, -0.092071, -0.60085, -0.125006, -0.477838, -0.705517, -0.523369, -0.002831, -0.375723, 0.702686, -0.604206, -1.2e-05, 0.0, 0.0, 0.0, 1.0],
                [0.972025, -0.233492, 0.025491, -0.125006, -0.233247, -0.97234, -0.012226, -0.002831, 0.027641, 0.005939, -0.9996, -1.2e-05, 0.0, 0.0, 0.0, 1.0]
            ]
        },
        {
            "name": "Leg_L",
            "time": [0.0, 0.1, 0.2, 0.3, 0.35, 0.4333, 0.4833, 0.5333, 0.7333, 0.8833, 1.0],
            "transform": [
                [1.0, -0.000102, -0.000102, 0.0, 0.00014, 0.518179, 0.855273, 0.37472, -3.4e-05, -0.855271, 0.518179, -0.0, 0.0, 0.0, 0.0, 1.0],
                [1.0, -0.000101, -9.6e-05, 0.0, 0.000138, 0.634707, 0.772753, 0.37472, -1.7e-05, -0.772752, 0.634707, 0.0, 0.0, 0.0, 0.0, 1.0],
                [1.0, -0.0002, -2.8e-05, -0.0, 0.000197, 0.933669, 0.358139, 0.37472, -4.5e-05, -0.358139, 0.933668, 0.0, 0.0, 0.0, 0.0, 1.0],
                [1.0, -0.000138, 3.4e-05, -0.0, 0.000138, 0.999988, 0.004887, 0.37472, -3.5e-05, -0.004887, 0.999988, -0.0, 0.0, 0.0, 0.0, 1.0],
                [1.0, -0.000197, -2.9e-05, 0.0, 0.000197, 0.955245, 0.295816, 0.37472, -3e-05, -0.295816, 0.955245, -0.0, 0.0, 0.0, 0.0, 1.0],
                [1.0, -0.000104, -4.3e-05, 0.0, 0.000111, 0.857742, 0.51408, 0.37472, -1.6e-05, -0.514079, 0.857742, 0.0, 0.0, 0.0, 0.0, 1.0],
                [1.0, -0.000104, -4.3e-05, 0.0, 0.000111, 0.857742, 0.51408, 0.37472, -1.6e-05, -0.514079, 0.857742, 0.0, 0.0, 0.0, 0.0, 1.0],
                [1.0, -0.000104, -4.3e-05, 0.0, 0.000111, 0.857742, 0.51408, 0.37472, -1.6e-05, -0.514079, 0.857742, 0.0, 0.0, 0.0, 0.0, 1.0],
                [1.0, -4.4e-05, -9e-06, 0.0, 4.3e-05, 0.905811, 0.423682, 0.37472, -1.1e-05, -0.423681, 0.905811, 0.0, 0.0, 0.0, 0.0, 1.0],
                [1.0, -0.000162, 6.3e-05, 0.0, 0.000162, 0.999989, 0.004716, 0.37472, -6.4e-05, -0.004716, 0.999989, -0.0, 0.0, 0.0, 0.0, 1.0],
                [1.0, -0.000112, -5.2e-05, 0.0, 0.000124, 0.877348, 0.479855, 0.37472, -8e-06, -0.479854, 0.877348, -0.0, 0.0, 0.0, 0.0, 1.0]
            ]
        },
        {
            "name": "Knee_L",
            "time": [0.0, 0.1, 0.2, 0.3, 0.35, 0.4333, 0.4833, 0.5333, 0.7333, 0.8833, 1.0],
            "transform": [
                [1.0, 0.0, -0.0, 0.0, -0.0, 0.0, -1.0, 0.37472, -0.0, 1.0, 0.0, -0.0, 0.0, 0.0, 0.0, 1.0],
                [1.0, 0.0, -0.0, 0.0, -0.0, 0.0, -1.0, 0.37472, -0.0, 1.0, 0.0, 0.0, 0.0, 0.0, 0.0, 1.0],
                [1.0, 0.0, -0.0, 0.0, -0.0, 0.0, -1.0, 0.37472, -0.0, 1.0, 0.0, 0.0, 0.0, 0.0, 0.0, 1.0],
                [1.0, 0.0, -1e-06, -0.0, -0.0, 0.0, -1.0, 0.37472, -0.0, 1.0, 0.0, -0.0, 0.0, 0.0, 0.0, 1.0],
                [1.0, 0.0, -0.0, 0.0, -1e-06, 0.0, -1.0, 0.37472, -0.0, 1.0, 0.0, 0.0, 0.0, 0.0, 0.0, 1.0],
                [1.0, 0.0, -0.0, -0.0, -0.0, 0.0, -1.0, 0.37472, -0.0, 1.0, 0.0, 0.0, 0.0, 0.0, 0.0, 1.0],
                [1.0, 0.0, -0.0, -0.0, -0.0, 0.0, -1.0, 0.37472, -0.0, 1.0, 0.0, 0.0, 0.0, 0.0, 0.0, 1.0],
                [1.0, 0.0, -0.0, -0.0, -0.0, 0.0, -1.0, 0.37472, -0.0, 1.0, 0.0, 0.0, 0.0, 0.0, 0.0, 1.0],
                [1.0, 0.0, -0.0, 0.0, -0.0, 0.0, -1.0, 0.37472, -0.0, 1.0, 0.0, 0.0, 0.0, 0.0, 0.0, 1.0],
                [1.0, 0.0, -0.0, 0.0, -1e-06, 0.0, -1.0, 0.37472, -0.0, 1.0, 0.0, -0.0, 0.0, 0.0, 0.0, 1.0],
                [1.0, 0.0, -0.0, 0.0, -0.0, 0.0, -1.0, 0.37472, -0.0, 1.0, 0.0, -0.0, 0.0, 0.0, 0.0, 1.0]
            ]
        },
        {
            "name": "Torso",
            "time": [0.0, 0.1, 0.2, 0.3, 0.35, 0.4333, 0.4833, 0.5333, 0.7333, 0.8833, 1.0],
            "transform": [
                [1.0, -0.0, 0.0, 0.0, 0.0, 0.998097, 0.061662, 0.05, 0.0, -0.061662, 0.998097, 0.0, 0.0, 0.0, 0.0, 1.0],
                [1.0, 0.0, 0.0, 0.0, -0.0, 0.995865, 0.090842, 0.05, 0.0, -0.090842, 0.995865, -0.0, 0.0, 0.0, 0.0, 1.0],
                [1.0, 0.0, -0.0, 0.0, -0.0, 0.995865, 0.090842, 0.05, -0.0, -0.090842, 0.995865, 0.0, 0.0, 0.0, 0.0, 1.0],
                [1.0, 0.0, 0.0, 0.0, -0.0, 0.995865, 0.090842, 0.05, -0.0, -0.090842, 0.995865, 0.0, 0.0, 0.0, 0.0, 1.0],
                [1.0, 0.0, 0.0, -0.0, -0.0, 0.995865, 0.090842, 0.050001, 0.0, -0.090842, 0.995865, 0.0, 0.0, 0.0, 0.0, 1.0],
                [1.0, 0.0, 0.0, 0.0, -0.0, 0.995865, 0.090842, 0.05, -0.0, -0.090842, 0.995865, -0.0, 0.0, 0.0, 0.0, 1.0],
                [1.0, 0.0, 0.0, 0.0, -0.0, 0.995865, 0.090842, 0.05, -0.0, -0.090842, 0.995865, -0.0, 0.0, 0.0, 0.0, 1.0],
                [1.0, 0.0, 0.0, 0.0, -0.0, 0.995865, 0.090842, 0.05, -0.0, -0.090842, 0.995865, -0.0, 0.0, 0.0, 0.0, 1.0],
                [1.0, 0.0, 0.0, -0.0, 0.0, 1.0, 0.0, 0.05, -0.0, -0.0, 1.0, -0.0, 0.0, 0.0, 0.0, 1.0],
                [1.0, 0.0, -0.0, 0.0, -0.0, 0.998714, 0.050701, 0.05, -0.0, -0.050701, 0.998714, 0.0, 0.0, 0.0, 0.0, 1.0],
                [1.0, 0.0, 0.0, 0.0, 0.0, 0.987892, 0.155143, 0.05, 0.0, -0.155143, 0.987892, -0.0, 0.0, 0.0, 0.0, 1.0]
            ]
        },
        {
            "name": "Chest",
            "time": [0.0, 0.1, 0.2, 0.3, 0.35, 0.4333, 0.4833, 0.5333, 0.7333, 0.8833, 1.0],
            "transform": [
                [0.731103, -0.150817, 0.665389, -0.0, -0.032859, 0.966347, 0.255137, 0.3, -0.681475, -0.208395, 0.701544, -0.0, 0.0, 0.0, 0.0, 1.0],
                [1.0, 0.0, -0.0, -0.0, -0.0, 0.984344, 0.176257, 0.3, -0.0, -0.176257, 0.984344, 0.0, 0.0, 0.0, 0.0, 1.0],
                [0.984049, -0.065885, -0.165246, 0.0, 0.09494, 0.980049, 0.174618, 0.3, 0.150444, -0.187521, 0.970671, 0.0, 0.0, 0.0, 0.0, 1.0],
                [0.979114, -0.11845, -0.165246, 0.0, 0.147249, 0.973564, 0.174618, 0.3, 0.140194, -0.195303, 0.970671, -0.0, 0.0, 0.0, 0.0, 1.0],
                [0.952555, 0.017603, -0.303858, -0.0, 0.03623, 0.984671, 0.170619, 0.3, 0.302204, -0.173533, 0.937315, 0.0, 0.0, 0.0, 0.0, 1.0],
                [0.978992, -0.140921, 0.147361, 0.0, 0.114317, 0.977801, 0.175605, 0.3, -0.168836, -0.15507, 0.973369, -0.0, 0.0, 0.0, 0.0, 1.0],
                [0.978992, -0.140921, 0.147361, 0.0, 0.114317, 0.977801, 0.175605, 0.3, -0.168836, -0.15507, 0.973369, -0.0, 0.0, 0.0, 0.0, 1.0],
                [0.978992, -0.140921, 0.147361, 0.0, 0.114317, 0.977801, 0.175605, 0.3, -0.168836, -0.15507, 0.973369, -0.0, 0.0, 0.0, 0.0, 1.0],
                [1.0, 0.0, 0.0, 0.0, -0.0, 0.976675, 0.214725, 0.3, -0.0, -0.214725, 0.976675, 0.0, 0.0, 0.0, 0.0, 1.0],
                [1.0, -0.0, -0.0, 0.0, 0.0, 0.966974, 0.254875, 0.3, 0.0, -0.254875, 0.966974, 0.0, 0.0, 0.0, 0.0, 1.0],
                [1.0, 0.0, 0.0, 0.0, 0.0, 0.993538, 0.113502, 0.3, 0.0, -0.113502, 0.993538, 0.0, 0.0, 0.0, 0.0, 1.0]
            ]
        },
        {
            "name": "Head",
            "time": [0.0, 0.1, 0.2, 0.3, 0.35, 0.4333, 0.4833, 0.5333, 0.7333, 0.8833, 1.0],
            "transform": [
                [0.785849, -0.0, -0.618419, -0.0, 0.0, 1.0, 0.0, 0.4, 0.618419, -0.0, 0.785849, 0.0, 0.0, 0.0, 0.0, 1.0],
                [0.988363, 0.0, 0.152113, -0.0, -0.0, 1.0, -0.0, 0.4, -0.152113, 0.0, 0.988363, 0.0, 0.0, 0.0, 0.0, 1.0],
                [0.709641, -0.033953, 0.703745, 0.0, 0.039837, 0.999174, 0.008035, 0.4, -0.703437, 0.022333, 0.710407, -0.0, 0.0, 0.0, 0.0, 1.0],
                [0.709641, -0.033953, 0.703745, 0.0, 0.039837, 0.999174, 0.008035, 0.4, -0.703437, 0.022333, 0.710407, 0.0, 0.0, 0.0, 0.0, 1.0],
                [0.486318, -0.048997, 0.872407, 0.0, 0.064985, 0.99769, 0.019808, 0.4, -0.871362, 0.04706, 0.488378, 0.0, 0.0, 0.0, 0.0, 1.0],
                [0.709641, -0.033953, 0.703745, 0.0, 0.039837, 0.999174, 0.008035, 0.4, -0.703437, 0.022333, 0.710407, -0.0, 0.0, 0.0, 0.0, 1.0],
                [0.709641, -0.033953, 0.703745, 0.0, 0.039837, 0.999174, 0.008035, 0.4, -0.703437, 0.022333, 0.710407, -0.0, 0.0, 0.0, 0.0, 1.0],
                [0.709641, -0.033953, 0.703745, 0.0, 0.039837, 0.999174, 0.008035, 0.4, -0.703437, 0.022333, 0.710407, -0.0, 0.0, 0.0, 0.0, 1.0],
                [0.709641, -0.033953, 0.703745, 0.0, 0.039837, 0.999174, 0.008035, 0.4, -0.703437, 0.022333, 0.710407, -0.0, 0.0, 0.0, 0.0, 1.0],
                [0.709641, -0.033953, 0.703745, 0.0, 0.039837, 0.999174, 0.008035, 0.4, -0.703437, 0.022333, 0.710407, 0.0, 0.0, 0.0, 0.0, 1.0],
                [1.0, 0.0, 0.0, 0.0, 0.0, 1.0, 0.0, 0.4, 0.0, 0.0, 1.0, 0.0, 0.0, 0.0, 0.0, 1.0]
            ]
        },
        {
            "name": "Shoulder_R",
            "time": [0.0, 0.1, 0.2, 0.3, 0.35, 0.4333, 0.4833, 0.5333, 0.7333, 0.8833, 1.0],
            "transform": [
                [-0.323683, 0.895405, 0.305743, -0.0, 0.103941, -0.287533, 0.952114, 0.4, 0.940439, 0.339963, 0.0, 0.0, 0.0, 0.0, 0.0, 1.0],
                [-0.323683, 0.895405, 0.305743, -0.0, 0.103941, -0.287533, 0.952114, 0.4, 0.940439, 0.339963, 0.0, 0.0, 0.0, 0.0, 0.0, 1.0],
                [-0.323683, 0.895405, 0.305743, 0.0, 0.103941, -0.287533, 0.952114, 0.4, 0.940439, 0.339963, 0.0, -0.0, 0.0, 0.0, 0.0, 1.0],
                [0.0, 0.998811, -0.048735, 0.0, 0.0, 0.048736, 0.998812, 0.4, 1.0, 0.0, -1e-06, 0.0, 0.0, 0.0, 0.0, 1.0],
                [0.0, 0.998812, -0.048735, 0.0, 0.0, 0.048736, 0.998812, 0.4, 1.0, 0.0, -1e-06, 0.0, 0.0, 0.0, 0.0, 1.0],
                [0.0, 0.952114, 0.305743, 0.0, 0.0, -0.305743, 0.952114, 0.4, 1.0, -0.0, -0.0, -0.0, 0.0, 0.0, 0.0, 1.0],
                [0.0, 0.959515, 0.281655, 0.0, 0.0, -0.281655, 0.959516, 0.4, 1.0, -0.0, -0.0, -0.0, 0.0, 0.0, 0.0, 1.0],
                [0.0, 0.962821, 0.270139, 0.0, 0.0, -0.270139, 0.962821, 0.4, 1.0, 0.0, -0.0, -0.0, 0.0, 0.0, 0.0, 1.0],
                [0.0, 0.962821, 0.270139, 0.0, 0.0, -0.270139, 0.962821, 0.4, 1.0, 0.0, -0.0, -0.0, 0.0, 0.0, 0.0, 1.0],
                [0.0, 0.962821, 0.270139, 0.0, 0.0, -0.270139, 0.962821, 0.4, 1.0, 0.0, -0.0, 0.0, 0.0, 0.0, 0.0, 1.0],
                [-0.155481, 0.939333, 0.305743, 0.0, 0.049928, -0.301639, 0.952114, 0.4, 0.986576, 0.163301, -0.0, 0.0, 0.0, 0.0, 0.0, 1.0]
            ]
        },
        {
            "name": "Arm_R",
            "time": [0.0, 0.1, 0.2, 0.3, 0.35, 0.4333, 0.4833, 0.5333, 0.7333, 0.8833, 1.0],
            "transform": [
                [0.093769, 0.040109, -0.994786, 0.0, 0.688175, 0.719446, 0.093875, 0.39386, 0.71946, -0.69339, 0.03986, -0.0, 0.0, 0.0, 0.0, 1.0],
                [0.093769, 0.040109, -0.994785, 0.0, 0.688175, 0.719446, 0.093875, 0.39386, 0.71946, -0.69339, 0.03986, -0.0, 0.0, 0.0, 0.0, 1.0],
                [0.080365, -0.962919, -0.257543, 0.0, -0.688639, 0.133165, -0.712771, 0.39386, 0.720637, 0.234637, -0.652402, -0.0, 0.0, 0.0, 0.0, 1.0],
                [0.069814, -0.996651, 0.04259, 0.0, -0.388711, -0.066499, -0.918957, 0.393861, 0.918711, 0.0476, -0.392051, -0.0, 0.0, 0.0, 0.0, 1.0],
                [0.069814, -0.996651, 0.04259, 0.0, -0.388711, -0.066499, -0.918957, 0.39386, 0.918711, 0.0476, -0.392051, -0.0, 0.0, 0.0, 0.0, 1.0],
                [-0.612114, -0.346502, -0.710812, -0.0, 0.294933, 0.733989, -0.611781, 0.39386, 0.733711, -0.584121, -0.34709, -0.0, 0.0, 0.0, 0.0, 1.0],
                [-0.607134, -0.331886, -0.72197, -0.0, 0.321789, 0.728062, -0.605292, 0.39386, 0.726526, -0.599815, -0.335234, -0.0, 0.0, 0.0, 0.0, 1.0],
                [-0.612114, -0.346502, -0.710812, -0.0, 0.294933, 0.733989, -0.611781, 0.393861, 0.733711, -0.584121, -0.34709, -0.0, 0.0, 0.0, 0.0, 1.0],
                [-0.612114, -0.346502, -0.710812, 0.0, 0.294933, 0.733989, -0.611781, 0.393861, 0.733711, -0.584121, -0.34709, -0.0, 0.0, 0.0, 0.0, 1.0],
                [-0.612114, -0.346502, -0.710812, -0.0, 0.294933, 0.733989, -0.611781, 0.393861, 0.733711, -0.584121, -0.34709, 0.0, 0.0, 0.0, 0.0, 1.0],
                [0.063612, 0.128669, -0.989645, -0.0, 0.719046, 0.681753, 0.134857, 0.39386, 0.692045, -0.720179, -0.049152, 0.0, 0.0, 0.0, 0.0, 1.0]
            ]
        },
        {
            "name": "Hand_R",
            "time": [0.0, 0.1, 0.2, 0.3, 0.35, 0.4333, 0.4833, 0.5333, 0.7333, 0.8833, 1.0],
            "transform": [
                [1.0, 0.0, 0.0, 0.0, 0.0, 0.334448, -0.942414, 0.3, -0.0, 0.942414, 0.334448, 0.0, 0.0, 0.0, 0.0, 1.0],
                [1.0, 0.0, 0.0, -0.0, 0.0, 0.334448, -0.942414, 0.3, -0.0, 0.942414, 0.334447, 0.0, 0.0, 0.0, 0.0, 1.0],
                [1.0, 0.0, 0.0, 0.0, 0.0, 0.334448, -0.942414, 0.3, -0.0, 0.942415, 0.334448, -0.0, 0.0, 0.0, 0.0, 1.0],
                [1.0, 0.0, 0.0, 0.0, 0.0, 0.334448, -0.942414, 0.3, -0.0, 0.942415, 0.334448, 0.0, 0.0, 0.0, 0.0, 1.0],
                [1.0, 0.0, 0.0, -0.0, 0.0, 0.334448, -0.942414, 0.3, -0.0, 0.942415, 0.334448, -0.0, 0.0, 0.0, 0.0, 1.0],
                [1.0, 0.0, 0.0, -0.0, 0.0, 0.334448, -0.942414, 0.3, -0.0, 0.942415, 0.334448, -0.0, 0.0, 0.0, 0.0, 1.0],
                [1.0, 0.0, 0.0, -0.0, 0.0, 0.334448, -0.942414, 0.3, -0.0, 0.942415, 0.334448, 0.0, 0.0, 0.0, 0.0, 1.0],
                [1.0, 0.0, 0.0, -0.0, 0.0, 0.334448, -0.942414, 0.3, -0.0, 0.942414, 0.334448, -0.0, 0.0, 0.0, 0.0, 1.0],
                [1.0, 0.0, 0.0, 0.0, 0.0, 0.334448, -0.942414, 0.3, -0.0, 0.942414, 0.334448, 0.0, 0.0, 0.0, 0.0, 1.0],
                [1.0, 0.0, 0.0, 0.0, 0.0, 0.334448, -0.942414, 0.3, -0.0, 0.942415, 0.334448, -0.0, 0.0, 0.0, 0.0, 1.0],
                [1.0, 0.0, 0.0, -0.0, -0.0, 0.968667, -0.248364, 0.3, -0.0, 0.248364, 0.968667, 0.0, 0.0, 0.0, 0.0, 1.0]
            ]
        },
        {
            "name": "Tool_R",
            "time": [0.0, 0.3333, 0.35, 0.3667, 0.3833, 0.4, 0.4167, 0.4333, 0.45, 0.4667, 0.4833, 0.5, 0.5167, 0.5333, 0.55, 0.7333, 0.7833, 0.8833, 1.0],
            "transform": [
                [0.0, 0.0, 0.0, 0.0, 0.0, 0.0, 0.0, 0.272858, 0.0, 0.0, 0.0, -0.0, 0.0, 0.0, 0.0, 1.0],
                [0.0, 0.0, 0.0, -0.0, 0.0, 0.0, 0.0, 0.272858, 0.0, 0.0, 0.0, -0.0, 0.0, 0.0, 0.0, 1.0],
                [0.265336, 0.825356, 0.498383, 1.33654, 0.766698, 0.132806, -0.628121, 0.39845, -0.584611, 0.548773, -0.597561, 0.945389, 0.0, 0.0, 0.0, 1.0],
                [0.28143, 0.784707, 0.552297, 1.041213, 0.760606, 0.16849, -0.626969, 0.769716, -0.585043, 0.596529, -0.549435, 1.385181, 0.0, 0.0, 0.0, 1.0],
                [0.379246, 0.614676, 0.691626, 0.37567, 0.794727, 0.166438, -0.583702, 1.025864, -0.473901, 0.77102, -0.425379, 1.94695, 0.0, 0.0, 0.0, 1.0],
                [0.509143, 0.334235, 0.793134, -0.595219, 0.816192, 0.104948, -0.568171, 1.152728, -0.27314, 0.936628, -0.219366, 2.245012, 0.0, 0.0, 0.0, 1.0],
                [0.59825, 0.066216, 0.79857, -1.465963, 0.798578, 0.032977, -0.600989, 1.322564, -0.066129, 0.997259, -0.03315, 2.178395, 0.0, 0.0, 0.0, 1.0],
                [0.621564, -0.059606, 0.781093, -1.659301, 0.782585, 0.002729, -0.62254, 1.28593, 0.034975, 0.998217, 0.048343, 2.030291, 0.0, 0.0, 0.0, 1.0],
                [0.616237, -0.074888, 0.783993, -1.695438, 0.786134, -0.001454, -0.618057, 1.270222, 0.047425, 0.99719, 0.057976, 2.009052, 0.0, 0.0, 0.0, 1.0],
                [0.615034, -0.073863, 0.785034, -1.698734, 0.786791, -0.008067, -0.617168, 1.258297, 0.051919, 0.997235, 0.053153, 2.017885, 0.0, 0.0, 0.0, 1.0],
                [0.615761, -0.066439, 0.785128, -1.688208, 0.786186, -0.014552, -0.61782, 1.249796, 0.052473, 0.997684, 0.043272, 2.037443, 0.0, 0.0, 0.0, 1.0],
                [0.618652, -0.05385, 0.783818, -1.664026, 0.784212, -0.018379, -0.620223, 1.249005, 0.047805, 0.998379, 0.030859, 2.062789, 0.0, 0.0, 0.0, 1.0],
                [0.622976, -0.038153, 0.781311, -1.630458, 0.781261, -0.019695, -0.623895, 1.254668, 0.039191, 0.999077, 0.017538, 2.090248, 0.0, 0.0, 0.0, 1.0],
                [0.625159, -0.030451, 0.779904, -1.61339, 0.779735, -0.019856, -0.625797, 1.258381, 0.034542, 0.999338, 0.01133, 2.102981, 0.0, 0.0, 0.0, 1.0],
                [0.0, 0.0, 0.0, -1.61339, 0.0, 0.0, 0.0, 1.258381, 0.0, 0.0, 0.0, 2.102981, 0.0, 0.0, 0.0, 1.0],
                [0.0, 0.0, 0.0, 0.0, 0.0, 0.0, 0.0, 0.272858, 0.0, 0.0, 0.0, -0.0, 0.0, 0.0, 0.0, 1.0],
                [0.825718, 0.0, -0.269293, -0.0, -0.213804, -0.528049, -0.655575, 0.272858, -0.163728, 0.689557, -0.502026, 0.0, 0.0, 0.0, 0.0, 1.0],
                [0.792143, -0.040709, -0.353808, -0.0, -0.293172, -0.564427, -0.591438, 0.272858, -0.202209, 0.658855, -0.528533, 0.0, 0.0, 0.0, 0.0, 1.0],
                [0.73616, -0.098494, -0.450217, 0.0, -0.383734, -0.600887, -0.495993, 0.272858, -0.255237, 0.619321, -0.552831, -0.0, 0.0, 0.0, 0.0, 1.0]
            ]
        },
        {
            "name": "Elbow_R",
            "time": [0.0, 0.1, 0.2, 0.3, 0.35, 0.4333, 0.4833, 0.5333, 0.7333, 0.8833, 1.0],
            "transform": [
                [-1.0, 0.0, -0.0, 0.0, -0.0, 0.0, -1.0, 0.3, -0.0, -1.0, -0.0, 0.0, 0.0, 0.0, 0.0, 1.0],
                [-1.0, 0.0, -0.0, -0.0, 0.0, 0.0, -1.0, 0.3, -0.0, -1.0, -0.0, 0.0, 0.0, 0.0, 0.0, 1.0],
                [-1.0, 0.0, -0.0, 0.0, 0.0, 0.0, -1.0, 0.3, -0.0, -1.0, -0.0, -0.0, 0.0, 0.0, 0.0, 1.0],
                [-1.0, 0.0, -0.0, 0.0, 0.0, -0.0, -1.0, 0.3, -0.0, -1.0, 0.0, 0.0, 0.0, 0.0, 0.0, 1.0],
                [-1.0, 0.0, -0.0, -0.0, 0.0, 0.0, -1.0, 0.3, -0.0, -1.0, 0.0, -0.0, 0.0, 0.0, 0.0, 1.0],
                [-1.0, 0.0, -0.0, -0.0, 0.0, 0.0, -1.0, 0.3, -0.0, -1.0, 0.0, -0.0, 0.0, 0.0, 0.0, 1.0],
                [-1.0, 0.0, -0.0, -0.0, 0.0, 0.0, -1.0, 0.3, -0.0, -1.0, 0.0, 0.0, 0.0, 0.0, 0.0, 1.0],
                [-1.0, 0.0, -0.0, -0.0, 0.0, 0.0, -1.0, 0.3, -0.0, -1.0, -0.0, -0.0, 0.0, 0.0, 0.0, 1.0],
                [-1.0, 0.0, -0.0, 0.0, 0.0, -0.0, -1.0, 0.3, -0.0, -1.0, -0.0, 0.0, 0.0, 0.0, 0.0, 1.0],
                [-1.0, 0.0, -0.0, 0.0, 0.0, 0.0, -1.0, 0.3, -0.0, -1.0, -0.0, -0.0, 0.0, 0.0, 0.0, 1.0],
                [-1.0, 0.0, -0.0, -0.0, 0.0, 0.0, -1.0, 0.3, -0.0, -1.0, -0.0, 0.0, 0.0, 0.0, 0.0, 1.0]
            ]
        },
        {
            "name": "Shoulder_L",
            "time": [0.0, 0.1, 0.2, 0.3, 0.35, 0.4333, 0.4833, 0.5333, 0.7333, 0.8833, 1.0],
            "transform": [
                [0.204165, -0.929966, -0.305743, -0.0, 0.065562, -0.298631, 0.952114, 0.4, -0.976739, -0.214433, -0.0, 0.0, 0.0, 0.0, 0.0, 1.0],
                [0.204165, -0.929966, -0.305743, -0.0, 0.065562, -0.298631, 0.952114, 0.4, -0.976738, -0.214433, -0.0, 0.0, 0.0, 0.0, 0.0, 1.0],
                [0.249795, -0.965959, 0.067271, 0.0, 0.161746, 0.110123, 0.980669, 0.4, -0.954694, -0.234085, 0.183748, -0.0, 0.0, 0.0, 0.0, 1.0],
                [0.249795, -0.965959, 0.067271, 0.0, 0.161746, 0.110123, 0.980669, 0.4, -0.954694, -0.234085, 0.183748, 0.0, 0.0, 0.0, 0.0, 1.0],
                [0.259986, -0.956369, 0.133285, 0.0, 0.249523, 0.199884, 0.947515, 0.4, -0.932816, -0.213083, 0.290603, 0.0, 0.0, 0.0, 0.0, 1.0],
                [-0.0, -0.952114, -0.305743, 0.0, 0.0, -0.305743, 0.952114, 0.4, -1.0, -0.0, 0.0, -0.0, 0.0, 0.0, 0.0, 1.0],
                [-0.0, -0.911543, -0.411205, 0.0, 0.0, -0.411205, 0.911543, 0.4, -1.0, -0.0, 0.0, -0.0, 0.0, 0.0, 0.0, 1.0],
                [-0.0, -0.91596, -0.401269, 0.0, 0.0, -0.401269, 0.91596, 0.4, -1.0, 0.0, 0.0, -0.0, 0.0, 0.0, 0.0, 1.0],
                [-0.0, -0.91596, -0.401269, 0.0, 0.0, -0.401269, 0.91596, 0.4, -1.0, -0.0, 0.0, -0.0, 0.0, 0.0, 0.0, 1.0],
                [0.0, -0.91596, -0.401269, 0.0, 0.0, -0.401269, 0.91596, 0.4, -1.0, 0.0, 0.0, 0.0, 0.0, 0.0, 0.0, 1.0],
                [0.044885, -0.957444, -0.285108, 0.0, 0.244311, -0.266209, 0.93244, 0.4, -0.968658, -0.111508, 0.221965, 0.0, 0.0, 0.0, 0.0, 1.0]
            ]
        },
        {
            "name": "Arm_L",
            "time": [0.0, 0.1, 0.2, 0.3, 0.35, 0.4333, 0.4833, 0.5333, 0.7333, 0.8833, 1.0],
            "transform": [
                [-0.138341, 0.158515, 0.977617, 0.0, -0.572552, 0.792639, -0.209543, 0.39386, -0.808113, -0.588725, -0.018897, 0.0, 0.0, 0.0, 0.0, 1.0],
                [0.115869, 0.68997, 0.714504, -0.0, -0.666216, 0.587526, -0.459314, 0.39386, -0.736703, -0.422793, 0.527745, -0.0, 0.0, 0.0, 0.0, 1.0],
                [0.351759, 0.911167, 0.214569, -0.0, -0.090838, 0.261362, -0.960957, 0.39386, -0.931673, 0.318535, 0.174705, -0.0, 0.0, 0.0, 0.0, 1.0],
                [0.351759, 0.911167, 0.214569, 0.0, -0.090838, 0.261362, -0.960957, 0.39386, -0.931673, 0.318535, 0.174705, -0.0, 0.0, 0.0, 0.0, 1.0],
                [0.405632, 0.911167, 0.072368, -0.0, -0.433207, 0.261362, -0.862567, 0.39386, -0.804857, 0.318534, 0.500741, 0.0, 0.0, 0.0, 0.0, 1.0],
                [0.371077, -0.242973, 0.896251, -0.0, -0.402531, 0.82768, 0.391044, 0.39386, -0.836822, -0.505876, 0.209328, -0.0, 0.0, 0.0, 0.0, 1.0],
                [0.339244, -0.218802, 0.914898, -0.0, -0.410346, 0.840743, 0.353224, 0.39386, -0.846481, -0.495254, 0.195433, -0.0, 0.0, 0.0, 0.0, 1.0],
                [0.324487, -0.207854, 0.92277, -0.0, -0.411691, 0.847273, 0.335617, 0.39386, -0.851598, -0.4888, 0.189357, -0.0, 0.0, 0.0, 0.0, 1.0],
                [0.324487, -0.207854, 0.92277, 0.0, -0.411691, 0.847273, 0.335617, 0.39386, -0.851598, -0.4888, 0.189357, 0.0, 0.0, 0.0, 0.0, 1.0],
                [0.324487, -0.207854, 0.92277, -0.0, -0.411691, 0.847273, 0.335617, 0.39386, -0.851598, -0.4888, 0.189357, -0.0, 0.0, 0.0, 0.0, 1.0],
                [0.054695, -0.063133, 0.996505, -0.0, -0.754927, 0.65058, 0.082653, 0.39386, -0.653525, -0.756809, -0.012077, 0.0, 0.0, 0.0, 0.0, 1.0]
            ]
        },
        {
            "name": "Hand_L",
            "time": [0.0, 0.1, 0.2, 0.3, 0.35, 0.4333, 0.4833, 0.5333, 0.7333, 0.8833, 1.0],
            "transform": [
                [1.0, -0.0, -1e-06, 0.0, -0.0, 0.663879, -0.747841, 0.3, 1e-06, 0.747841, 0.663879, -0.0, 0.0, 0.0, 0.0, 1.0],
                [1.0, -0.0, -1e-06, 0.0, -0.0, 0.663879, -0.747841, 0.3, 1e-06, 0.747841, 0.663879, 0.0, 0.0, 0.0, 0.0, 1.0],
                [1.0, -0.0, -1e-06, -0.0, -0.0, 0.663878, -0.747841, 0.3, 1e-06, 0.747841, 0.663878, 0.0, 0.0, 0.0, 0.0, 1.0],
                [1.0, -1e-06, -1e-06, 0.0, -0.0, 0.538255, -0.842783, 0.3, 1e-06, 0.842782, 0.538255, -0.0, 0.0, 0.0, 0.0, 1.0],
                [1.0, -0.0, -1e-06, 0.0, -0.0, 0.538255, -0.842783, 0.3, 1e-06, 0.842782, 0.538255, -0.0, 0.0, 0.0, 0.0, 1.0],
                [0.957913, 1e-06, -0.28706, -0.0, -0.029175, 0.994822, -0.097355, 0.3, 0.285574, 0.101633, 0.952953, 0.0, 0.0, 0.0, 0.0, 1.0],
                [0.957913, 0.0, -0.28706, 0.0, -0.029175, 0.994822, -0.097355, 0.3, 0.285574, 0.101633, 0.952953, -0.0, 0.0, 0.0, 0.0, 1.0],
                [0.957913, 1e-06, -0.28706, -0.0, -0.029175, 0.994822, -0.097355, 0.3, 0.285574, 0.101633, 0.952953, -0.0, 0.0, 0.0, 0.0, 1.0],
                [0.957913, 1e-06, -0.28706, 0.0, -0.029175, 0.994822, -0.097355, 0.3, 0.285574, 0.101633, 0.952953, 0.0, 0.0, 0.0, 0.0, 1.0],
                [0.957913, 1e-06, -0.28706, 0.0, -0.029175, 0.994822, -0.097355, 0.3, 0.285574, 0.101633, 0.952953, 0.0, 0.0, 0.0, 0.0, 1.0],
                [1.0, 0.0, 0.0, 0.0, 0.0, 0.996866, -0.079109, 0.3, -0.0, 0.079109, 0.996866, 0.0, 0.0, 0.0, 0.0, 1.0]
            ]
        },
        {
            "name": "Tool_L",
            "time": [0.0, 0.1, 0.2, 0.3, 0.35, 0.4333, 0.4833, 0.5333, 0.7333, 0.8833, 1.0],
            "transform": [
                [1.0, 0.0, 0.0, -0.0, 0.0, -0.999836, 0.018122, 0.272858, 0.0, -0.018122, -0.999836, 0.0, 0.0, 0.0, 0.0, 1.0],
                [1.0, -0.0, 0.0, 0.0, 0.0, -0.999836, 0.018122, 0.272858, 0.0, -0.018122, -0.999836, 0.0, 0.0, 0.0, 0.0, 1.0],
                [1.0, 0.0, 0.0, -0.0, 0.0, -0.999836, 0.018122, 0.272858, 0.0, -0.018122, -0.999836, -0.0, 0.0, 0.0, 0.0, 1.0],
                [1.0, -0.0, 0.0, -0.0, -0.0, -0.999836, 0.018122, 0.272858, 0.0, -0.018122, -0.999836, -0.0, 0.0, 0.0, 0.0, 1.0],
                [1.0, -0.0, 0.0, -0.0, -0.0, -0.999836, 0.018122, 0.272858, 0.0, -0.018122, -0.999836, 0.0, 0.0, 0.0, 0.0, 1.0],
                [1.0, -0.0, 0.0, 0.0, 0.0, -0.999836, 0.018122, 0.272858, 0.0, -0.018122, -0.999836, -0.0, 0.0, 0.0, 0.0, 1.0],
                [1.0, 0.0, 0.0, -0.0, -0.0, -0.999836, 0.018122, 0.272858, 0.0, -0.018122, -0.999836, 0.0, 0.0, 0.0, 0.0, 1.0],
                [1.0, 0.0, 0.0, 0.0, -0.0, -0.999836, 0.018122, 0.272858, 0.0, -0.018122, -0.999836, 0.0, 0.0, 0.0, 0.0, 1.0],
                [1.0, -0.0, 0.0, -0.0, -0.0, -0.999836, 0.018122, 0.272858, 0.0, -0.018122, -0.999836, 0.0, 0.0, 0.0, 0.0, 1.0],
                [1.0, -0.0, 0.0, -0.0, 0.0, -0.999836, 0.018122, 0.272858, 0.0, -0.018122, -0.999836, 0.0, 0.0, 0.0, 0.0, 1.0],
                [1.0, 0.0, 0.0, -0.0, -0.0, -0.999836, 0.018122, 0.272858, 0.0, -0.018122, -0.999836, 0.0, 0.0, 0.0, 0.0, 1.0]
            ]
        },
        {
            "name": "Elbow_L",
            "time": [0.0, 0.1, 0.2, 0.3, 0.35, 0.4333, 0.4833, 0.5333, 0.7333, 0.8833, 1.0],
            "transform": [
                [-1.0, 0.0, -0.0, 0.0, 0.0, -0.0, -1.0, 0.3, -0.0, -1.0, 0.0, -0.0, 0.0, 0.0, 0.0, 1.0],
                [-1.0, 0.0, 0.0, 0.0, 0.0, -0.0, -1.0, 0.3, -0.0, -1.0, -0.0, 0.0, 0.0, 0.0, 0.0, 1.0],
                [-1.0, 0.0, -0.0, -0.0, 0.0, -0.0, -1.0, 0.3, -0.0, -1.0, 0.0, 0.0, 0.0, 0.0, 0.0, 1.0],
                [-1.0, 0.0, 0.0, 0.0, 0.0, -0.0, -1.0, 0.3, -0.0, -1.0, 0.0, -0.0, 0.0, 0.0, 0.0, 1.0],
                [-1.0, 0.0, -0.0, 0.0, -0.0, -0.0, -1.0, 0.3, -0.0, -1.0, 0.0, -0.0, 0.0, 0.0, 0.0, 1.0],
                [-1.0, 0.0, -0.0, -0.0, 0.0, -0.0, -1.0, 0.3, -0.0, -1.0, 0.0, 0.0, 0.0, 0.0, 0.0, 1.0],
                [-1.0, 0.0, 0.0, 0.0, 0.0, -0.0, -1.0, 0.3, -0.0, -1.0, 0.0, -0.0, 0.0, 0.0, 0.0, 1.0],
                [-1.0, 0.0, -0.0, -0.0, 0.0, -0.0, -1.0, 0.3, -0.0, -1.0, 0.0, -0.0, 0.0, 0.0, 0.0, 1.0],
                [-1.0, 0.0, -0.0, 0.0, 0.0, -0.0, -1.0, 0.3, -0.0, -1.0, 0.0, 0.0, 0.0, 0.0, 0.0, 1.0],
                [-1.0, 0.0, -0.0, 0.0, 0.0, -0.0, -1.0, 0.3, -0.0, -1.0, 0.0, 0.0, 0.0, 0.0, 0.0, 1.0],
                [-1.0, 0.0, -0.0, 0.0, 0.0, -0.0, -1.0, 0.3, -0.0, -1.0, 0.0, 0.0, 0.0, 0.0, 0.0, 1.0]
            ]
        }
    ]
}