{
    "animation": [
        {
            "name": "Root",
            "time": [0.0, 0.1667, 0.2, 0.2333, 0.3333, 0.45, 0.9167],
            "transform": [
                [0.303801, -0.19313, -0.932956, -0.032552, -0.950534, 0.005092, -0.310579, 0.014448, 0.064733, 0.98116, -0.18203, 0.618913, 0.0, 0.0, 0.0, 1.0],
                [0.975947, -0.09141, -0.197916, -5e-06, -0.214175, -0.232582, -0.948702, 0.737001, 0.040689, 0.968272, -0.246565, 0.531199, 0.0, 0.0, 0.0, 1.0],
                [0.870685, 0.152805, 0.467503, -0.035891, 0.48821, -0.153207, -0.859173, 0.760512, -0.059662, 0.976308, -0.207996, 0.587394, 0.0, 0.0, 0.0, 1.0],
                [0.714692, 0.228934, 0.660912, -0.059182, 0.688771, -0.065954, -0.721973, 0.762521, -0.121694, 0.971205, -0.20482, 0.623867, 0.0, 0.0, 0.0, 1.0],
                [0.714692, 0.228934, 0.660912, -0.059182, 0.688771, -0.065954, -0.721973, 0.762521, -0.121694, 0.971205, -0.20482, 0.623867, 0.0, 0.0, 0.0, 1.0],
                [0.714692, 0.228934, 0.660912, -0.059182, 0.688771, -0.065954, -0.721973, 0.762521, -0.121694, 0.971205, -0.20482, 0.623867, 0.0, 0.0, 0.0, 1.0],
                [1.0, 0.0, 0.0, -5e-06, 0.0, -0.012594, -0.999921, 1.269806, 0.0, 0.999921, -0.012594, 0.753857, 0.0, 0.0, 0.0, 1.0]
            ]
        },
        {
            "name": "Thigh_R",
            "time": [0.0, 0.1667, 0.2, 0.2333, 0.3333, 0.45, 0.9167],
            "transform": [
                [0.95398, 0.260789, -0.148026, 0.124994, 0.299803, -0.839905, 0.452411, -0.002831, -0.006344, -0.47597, -0.879438, -1.2e-05, 0.0, 0.0, 0.0, 1.0],
                [0.979389, -0.102818, -0.173856, 0.124994, 0.074748, -0.615133, 0.784872, -0.002831, -0.187644, -0.78169, -0.594769, -1.2e-05, 0.0, 0.0, 0.0, 1.0],
                [0.845846, 0.346531, -0.405536, 0.124994, 0.509448, -0.750163, 0.421565, -0.002831, -0.158133, -0.563179, -0.811063, -1.2e-05, 0.0, 0.0, 0.0, 1.0],
                [0.790497, 0.567183, -0.231122, 0.124994, 0.611737, -0.749576, 0.252808, -0.002831, -0.029855, -0.341231, -0.939505, -1.2e-05, 0.0, 0.0, 0.0, 1.0],
                [0.789337, 0.598002, -0.13907, 0.124994, 0.606361, -0.723779, 0.329346, -0.002831, 0.096294, -0.344292, -0.933912, -1.2e-05, 0.0, 0.0, 0.0, 1.0],
                [0.789337, 0.598002, -0.13907, 0.124994, 0.606361, -0.723779, 0.329346, -0.002831, 0.096294, -0.344292, -0.933912, -1.2e-05, 0.0, 0.0, 0.0, 1.0],
                [0.989882, 0.134688, 0.044645, 0.124994, 0.129799, -0.986626, 0.09859, -0.002831, 0.057327, -0.091798, -0.994126, -1.2e-05, 0.0, 0.0, 0.0, 1.0]
            ]
        },
        {
            "name": "Leg_R",
            "time": [0.0, 0.1667, 0.2, 0.2333, 0.3333, 0.45, 0.9167],
            "transform": [
                [1.0, 0.000132, 0.000131, 0.0, -0.000185, 0.624501, 0.781024, 0.37472, 2.1e-05, -0.781024, 0.624501, -0.0, 0.0, 0.0, 0.0, 1.0],
                [1.0, 5.4e-05, -5.7e-05, -0.0, 3.4e-05, 0.357304, 0.933988, 0.37472, 7e-05, -0.933988, 0.357304, -0.0, 0.0, 0.0, 0.0, 1.0],
                [1.0, 0.000257, 5.5e-05, -0.0, -0.00021, 0.655596, 0.755113, 0.37472, 0.000158, -0.755112, 0.655595, 0.0, 0.0, 0.0, 0.0, 1.0],
                [1.0, 0.000319, 0.000113, 0.0, -0.000319, 0.780421, 0.625253, 0.37472, 0.000111, -0.625254, 0.780421, 0.0, 0.0, 0.0, 0.0, 1.0],
                [1.0, 0.00032, 0.000194, -0.0, -0.000372, 0.789007, 0.614384, 0.37472, 4.4e-05, -0.614384, 0.789007, -0.0, 0.0, 0.0, 0.0, 1.0],
                [1.0, 0.00032, 0.000194, -0.0, -0.000372, 0.789007, 0.614384, 0.37472, 4.4e-05, -0.614384, 0.789007, -0.0, 0.0, 0.0, 0.0, 1.0],
                [1.0, 0.000109, 8e-06, -0.0, -0.000108, 0.97965, 0.200711, 0.37472, 1.4e-05, -0.200711, 0.97965, -0.0, 0.0, 0.0, 0.0, 1.0]
            ]
        },
        {
            "name": "Knee_R",
            "time": [0.0, 0.1667, 0.2, 0.2333, 0.3333, 0.45, 0.9167],
            "transform": [
                [1.0, 0.0, -0.0, -0.0, -1e-06, 0.0, -1.0, 0.37472, -0.0, 1.0, 0.0, -0.0, 0.0, 0.0, 0.0, 1.0],
                [1.0, 0.0, -0.0, -0.0, -0.0, 0.0, -1.0, 0.37472, -0.0, 1.0, 0.0, -0.0, 0.0, 0.0, 0.0, 1.0],
                [1.0, 0.0, -0.0, -0.0, -0.0, 0.0, -1.0, 0.37472, -0.0, 1.0, 0.0, -0.0, 0.0, 0.0, 0.0, 1.0],
                [1.0, 0.0, -0.0, -0.0, -0.0, 0.0, -1.0, 0.37472, -0.0, 1.0, 0.0, -0.0, 0.0, 0.0, 0.0, 1.0],
                [1.0, 0.0, -0.0, -0.0, -0.0, 0.0, -1.0, 0.37472, -0.0, 1.0, 0.0, -0.0, 0.0, 0.0, 0.0, 1.0],
                [1.0, 0.0, -0.0, -0.0, -0.0, 0.0, -1.0, 0.37472, -0.0, 1.0, 0.0, -0.0, 0.0, 0.0, 0.0, 1.0],
                [1.0, 0.0, -0.0, 0.0, -0.0, 0.0, -1.0, 0.37472, -0.0, 1.0, 0.0, -0.0, 0.0, 0.0, 0.0, 1.0]
            ]
        },
        {
            "name": "Thigh_L",
            "time": [0.0, 0.1667, 0.2, 0.2333, 0.3333, 0.45, 0.9167],
            "transform": [
                [0.707342, -0.639925, -0.30027, -0.125006, -0.599876, -0.768128, 0.223887, -0.002831, -0.373917, 0.02176, -0.927207, -1.2e-05, 0.0, 0.0, 0.0, 1.0],
                [0.7936, -0.376707, -0.477798, -0.125006, -0.572963, -0.726926, -0.378539, -0.002831, -0.204726, 0.574169, -0.792728, -1.2e-05, 0.0, 0.0, 0.0, 1.0],
                [0.727416, -0.572363, -0.378506, -0.125006, -0.594999, -0.800878, 0.067587, -0.002831, -0.341822, 0.176047, -0.923128, -1.2e-05, 0.0, 0.0, 0.0, 1.0],
                [0.803909, -0.467904, -0.367145, -0.125006, -0.465656, -0.879197, 0.100872, -0.002831, -0.369992, 0.089872, -0.924678, -1.2e-05, 0.0, 0.0, 0.0, 1.0],
                [0.815669, -0.455908, -0.356134, -0.125006, -0.448251, -0.88722, 0.109132, -0.002831, -0.365723, 0.070622, -0.92804, -1.2e-05, 0.0, 0.0, 0.0, 1.0],
                [0.815669, -0.455908, -0.356134, -0.125006, -0.448251, -0.88722, 0.109132, -0.002831, -0.365723, 0.070622, -0.92804, -1.2e-05, 0.0, 0.0, 0.0, 1.0],
                [0.990992, -0.10152, -0.087339, -0.125006, -0.085739, -0.981957, 0.168548, -0.002831, -0.102874, -0.159542, -0.981817, -1.2e-05, 0.0, 0.0, 0.0, 1.0]
            ]
        },
        {
            "name": "Leg_L",
            "time": [0.0, 0.1667, 0.2, 0.2333, 0.3333, 0.45, 0.9167],
            "transform": [
                [1.0, -0.000276, -0.000216, -0.0, 0.000342, 0.63564, 0.771985, 0.37472, -7.5e-05, -0.771984, 0.63564, 0.0, 0.0, 0.0, 0.0, 1.0],
                [1.0, -0.000322, -0.000106, 0.0, 0.000309, 0.736661, 0.676263, 0.37472, -0.00014, -0.676262, 0.736661, 0.0, 0.0, 0.0, 0.0, 1.0],
                [1.0, -0.000301, -0.000165, -0.0, 0.000333, 0.73104, 0.682335, 0.37472, -8.4e-05, -0.682334, 0.73104, -0.0, 0.0, 0.0, 0.0, 1.0],
                [1.0, -0.000239, -0.000109, -0.0, 0.000256, 0.800829, 0.598893, 0.37472, -5.6e-05, -0.598893, 0.800829, 0.0, 0.0, 0.0, 0.0, 1.0],
                [1.0, -0.000224, -0.000116, 0.0, 0.000246, 0.765251, 0.643732, 0.37472, -5.5e-05, -0.643732, 0.765251, 0.0, 0.0, 0.0, 0.0, 1.0],
                [1.0, -0.000224, -0.000116, 0.0, 0.000246, 0.765251, 0.643732, 0.37472, -5.5e-05, -0.643732, 0.765251, 0.0, 0.0, 0.0, 0.0, 1.0],
                [1.0, -4.1e-05, -5e-06, 0.0, 4.1e-05, 0.965419, 0.260702, 0.37472, -6e-06, -0.260702, 0.965419, -0.0, 0.0, 0.0, 0.0, 1.0]
            ]
        },
        {
            "name": "Knee_L",
            "time": [0.0, 0.1667, 0.2, 0.2333, 0.3333, 0.45, 0.9167],
            "transform": [
                [1.0, 0.0, -0.0, -0.0, -0.0, 0.0, -1.0, 0.37472, -0.0, 1.0, 0.0, 0.0, 0.0, 0.0, 0.0, 1.0],
                [1.0, 0.0, -0.0, 0.0, -0.0, 0.0, -1.0, 0.37472, -0.0, 1.0, 0.0, 0.0, 0.0, 0.0, 0.0, 1.0],
                [1.0, 0.0, -0.0, -0.0, -0.0, 0.0, -1.0, 0.37472, -0.0, 1.0, 0.0, 0.0, 0.0, 0.0, 0.0, 1.0],
                [1.0, 0.0, -0.0, -0.0, -0.0, 0.0, -1.0, 0.37472, -0.0, 1.0, 0.0, 0.0, 0.0, 0.0, 0.0, 1.0],
                [1.0, 0.0, -1e-06, 0.0, -0.0, 0.0, -1.0, 0.37472, -0.0, 1.0, 0.0, 0.0, 0.0, 0.0, 0.0, 1.0],
                [1.0, 0.0, -1e-06, 0.0, -0.0, 0.0, -1.0, 0.37472, -0.0, 1.0, 0.0, 0.0, 0.0, 0.0, 0.0, 1.0],
                [1.0, 0.0, -0.0, 0.0, -0.0, 0.0, -1.0, 0.37472, -0.0, 1.0, 0.0, -0.0, 0.0, 0.0, 0.0, 1.0]
            ]
        },
        {
            "name": "Torso",
            "time": [0.0, 0.1667, 0.2, 0.2333, 0.3333, 0.45, 0.9167],
            "transform": [
                [1.0, -0.0, 0.0, 0.0, 0.0, 0.998097, 0.061662, 0.05, 0.0, -0.061662, 0.998097, -0.0, 0.0, 0.0, 0.0, 1.0],
                [1.0, -0.0, 0.0, -0.0, 0.0, 0.998097, 0.061662, 0.05, -0.0, -0.061662, 0.998097, 0.0, 0.0, 0.0, 0.0, 1.0],
                [1.0, -0.0, 0.0, 0.0, 0.0, 0.998097, 0.061662, 0.05, -0.0, -0.061662, 0.998097, -0.0, 0.0, 0.0, 0.0, 1.0],
                [1.0, -0.0, 0.0, 0.0, 0.0, 0.998097, 0.061662, 0.050001, -0.0, -0.061662, 0.998097, 0.0, 0.0, 0.0, 0.0, 1.0],
                [1.0, -0.0, 0.0, 0.0, 0.0, 0.998097, 0.061662, 0.050001, -0.0, -0.061662, 0.998097, 0.0, 0.0, 0.0, 0.0, 1.0],
                [1.0, -0.0, 0.0, 0.0, 0.0, 0.998097, 0.061662, 0.050001, -0.0, -0.061662, 0.998097, 0.0, 0.0, 0.0, 0.0, 1.0],
                [1.0, 0.0, 0.0, 0.0, 0.0, 1.0, 0.0, 0.050001, 0.0, 0.0, 1.0, -0.0, 0.0, 0.0, 0.0, 1.0]
            ]
        },
        {
            "name": "Chest",
            "time": [0.0, 0.1667, 0.2, 0.2333, 0.3333, 0.45, 0.9167],
            "transform": [
                [0.998691, 0.042641, -0.028258, 0.0, -0.035327, 0.974433, 0.221883, 0.3, 0.036997, -0.220595, 0.974664, -0.0, 0.0, 0.0, 0.0, 1.0],
                [0.893315, 0.15333, -0.422467, -0.0, 0.023936, 0.922437, 0.385404, 0.3, 0.448793, -0.3544, 0.820357, 0.0, 0.0, 0.0, 0.0, 1.0],
                [0.934113, -0.053361, 0.352966, -0.0, -0.06618, 0.945738, 0.318121, 0.3, -0.350788, -0.32052, 0.879895, 0.0, 0.0, 0.0, 0.0, 1.0],
                [0.630582, -0.150817, 0.761328, -0.0, -0.068309, 0.966347, 0.248009, 0.3, -0.77311, -0.208395, 0.599059, -0.0, 0.0, 0.0, 0.0, 1.0],
                [0.731103, -0.150817, 0.665389, -0.0, -0.032859, 0.966347, 0.255137, 0.3, -0.681475, -0.208395, 0.701543, -0.0, 0.0, 0.0, 0.0, 1.0],
                [0.731103, -0.150817, 0.665389, -0.0, -0.032859, 0.966347, 0.255137, 0.3, -0.681475, -0.208395, 0.701543, -0.0, 0.0, 0.0, 0.0, 1.0],
                [0.978252, 0.008907, -0.20723, 0.0, -0.0, 0.999078, 0.04294, 0.3, 0.207421, -0.042006, 0.97735, -0.0, 0.0, 0.0, 0.0, 1.0]
            ]
        },
        {
            "name": "Head",
            "time": [0.0, 0.1667, 0.2, 0.2333, 0.3333, 0.45, 0.9167],
            "transform": [
                [0.859634, 0.0, 0.510911, -0.0, -0.0, 1.0, -0.0, 0.4, -0.510911, 0.0, 0.859634, -0.0, 0.0, 0.0, 0.0, 1.0],
                [0.975675, 0.0, 0.219224, -0.0, -0.0, 1.0, -0.0, 0.4, -0.219224, 0.0, 0.975675, 0.0, 0.0, 0.0, 0.0, 1.0],
                [0.676338, 0.0, -0.736591, 0.0, -0.0, 1.0, -0.0, 0.4, 0.736591, 0.0, 0.676338, -0.0, 0.0, 0.0, 0.0, 1.0],
                [0.179371, -0.0, -0.983782, -0.0, 0.0, 1.0, -0.0, 0.4, 0.983782, 0.0, 0.179371, -0.0, 0.0, 0.0, 0.0, 1.0],
                [0.226373, -0.0, -0.974041, -0.0, 0.0, 1.0, -0.0, 0.4, 0.974041, 0.0, 0.226373, -0.0, 0.0, 0.0, 0.0, 1.0],
                [0.226373, -0.0, -0.974041, -0.0, 0.0, 1.0, -0.0, 0.4, 0.974041, 0.0, 0.226373, -0.0, 0.0, 0.0, 0.0, 1.0],
                [0.962194, 0.0, 0.272365, 0.0, -0.0, 1.0, -0.0, 0.4, -0.272365, 0.0, 0.962194, 0.0, 0.0, 0.0, 0.0, 1.0]
            ]
        },
        {
            "name": "Shoulder_R",
            "time": [0.0, 0.1667, 0.2, 0.2333, 0.3333, 0.45, 0.9167],
            "transform": [
                [-0.230459, 0.91404, 0.333795, -0.0, 0.049848, -0.331488, 0.942141, 0.4, 0.971804, 0.233764, 0.030831, -0.0, 0.0, 0.0, 0.0, 1.0],
                [-0.079445, 0.958241, 0.274704, -0.0, 0.067022, -0.269817, 0.960576, 0.4, 0.994583, 0.094725, -0.042788, 0.0, 0.0, 0.0, 0.0, 1.0],
                [-0.073323, 0.952549, 0.295423, 0.0, 0.041672, -0.293035, 0.955193, 0.4, 0.996437, 0.082349, -0.018208, -0.0, 0.0, 0.0, 0.0, 1.0],
                [-0.421709, 0.853629, 0.305743, -0.0, 0.135419, -0.274118, 0.952114, 0.4, 0.896562, 0.442918, 0.0, -0.0, 0.0, 0.0, 0.0, 1.0],
                [-0.323683, 0.895405, 0.305743, -0.0, 0.103941, -0.287533, 0.952114, 0.4, 0.940439, 0.339963, 0.0, -0.0, 0.0, 0.0, 0.0, 1.0],
                [-0.323683, 0.895405, 0.305743, -0.0, 0.103941, -0.287533, 0.952114, 0.4, 0.940439, 0.339963, 0.0, -0.0, 0.0, 0.0, 0.0, 1.0],
                [-0.067769, 0.962545, 0.262517, 0.0, -0.028398, -0.264876, 0.963864, 0.4, 0.997296, 0.057865, 0.045285, 0.0, 0.0, 0.0, 0.0, 1.0]
            ]
        },
        {
            "name": "Arm_R",
            "time": [0.0, 0.1667, 0.2, 0.2333, 0.3333, 0.45, 0.9167],
            "transform": [
                [-0.113732, -0.467309, -0.876748, 0.0, 0.26226, 0.837052, -0.48017, 0.39386, 0.958272, -0.284547, 0.027357, 0.0, 0.0, 0.0, 0.0, 1.0],
                [-0.367257, 0.004217, -0.93011, -0.0, 0.344954, 0.929293, -0.131993, 0.39386, 0.863787, -0.369321, -0.342744, 0.0, 0.0, 0.0, 0.0, 1.0],
                [0.72905, -0.305263, -0.612618, 0.0, 0.535063, 0.81234, 0.231973, 0.393861, 0.426842, -0.496909, 0.755571, -0.0, 0.0, 0.0, 0.0, 1.0],
                [0.801829, -0.23625, -0.548868, -0.0, 0.210915, 0.971301, -0.109958, 0.393861, 0.559093, -0.027597, 0.828646, 0.0, 0.0, 0.0, 0.0, 1.0],
                [0.770101, 0.183626, -0.610923, 0.0, 0.289397, 0.752896, 0.591098, 0.39386, 0.568502, -0.632004, 0.526665, -0.0, 0.0, 0.0, 0.0, 1.0],
                [0.770101, 0.183626, -0.610923, 0.0, 0.289397, 0.752896, 0.591098, 0.39386, 0.568502, -0.632004, 0.526665, -0.0, 0.0, 0.0, 0.0, 1.0],
                [0.275372, 0.152672, -0.949137, -0.0, 0.762866, 0.566084, 0.312386, 0.39386, 0.584984, -0.810087, 0.039415, 0.0, 0.0, 0.0, 0.0, 1.0]
            ]
        },
        {
            "name": "Hand_R",
            "time": [0.0, 0.1667, 0.2, 0.2333, 0.3333, 0.45, 0.9167],
            "transform": [
                [1.0, 1e-06, 0.0, 0.0, -0.0, 0.682618, -0.730776, 0.3, -1e-06, 0.730776, 0.682617, 0.0, 0.0, 0.0, 0.0, 1.0],
                [1.0, 1e-06, -0.0, -0.0, -0.0, 0.230926, -0.972971, 0.3, -1e-06, 0.972971, 0.230925, 0.0, 0.0, 0.0, 0.0, 1.0],
                [1.0, 1e-06, 0.0, 0.0, -0.0, 0.678331, -0.734757, 0.3, -1e-06, 0.734757, 0.678331, 0.0, 0.0, 0.0, 0.0, 1.0],
                [1.0, 0.0, 0.0, 0.0, 0.0, 0.880051, -0.474879, 0.3, -0.0, 0.474879, 0.880051, 0.0, 0.0, 0.0, 0.0, 1.0],
                [1.0, 0.0, 1e-06, 0.0, 1e-06, 0.146414, -0.989223, 0.3, -1e-06, 0.989224, 0.146414, 0.0, 0.0, 0.0, 0.0, 1.0],
                [1.0, 0.0, 1e-06, 0.0, 1e-06, 0.146414, -0.989223, 0.3, -1e-06, 0.989224, 0.146414, 0.0, 0.0, 0.0, 0.0, 1.0],
                [1.0, 0.0, 0.0, -0.0, -0.0, 0.958421, -0.28536, 0.3, -0.0, 0.28536, 0.95842, 0.0, 0.0, 0.0, 0.0, 1.0]
            ]
        },
        {
            "name": "Tool_R",
            "time": [0.0, 0.1667, 0.2, 0.2333, 0.3333, 0.45, 0.5667, 0.6333, 0.7667, 0.8167, 0.8333, 0.8667, 0.9167],
            "transform": [
                [0.961415, -0.095135, 0.258131, -0.0, 0.008062, -0.928157, -0.372102, 0.272858, 0.274986, 0.359825, -0.891577, -0.0, 0.0, 0.0, 0.0, 1.0],
                [0.875402, 0.478084, 0.071473, 0.0, 0.435695, -0.716299, -0.545055, 0.272858, -0.209386, 0.508283, -0.835348, 0.0, 0.0, 0.0, 0.0, 1.0],
                [0.867475, 0.493856, -0.059949, 0.0, 0.169502, -0.406707, -0.897696, 0.272858, -0.467715, 0.768568, -0.436518, 0.0, 0.0, 0.0, 0.0, 1.0],
                [0.884092, 0.454647, -0.108067, 0.029368, -0.068173, -0.103299, -0.992312, 0.406708, -0.462315, 0.884662, -0.060332, 0.00928, 0.0, 0.0, 0.0, 1.0],
                [0.884092, 0.454647, -0.108067, 0.063184, -0.068173, -0.103299, -0.992312, 0.597634, -0.462315, 0.884662, -0.060332, 0.072937, 0.0, 0.0, 0.0, 1.0],
                [0.884092, 0.454647, -0.108067, 0.063184, -0.068173, -0.103299, -0.992312, 0.597634, -0.462315, 0.884662, -0.060332, 0.072937, 0.0, 0.0, 0.0, 1.0],
                [-0.301711, -0.824363, 0.478954, 0.0, 0.236361, -0.551356, -0.800088, 0.272858, 0.923637, -0.128189, 0.361197, 0.0, 0.0, 0.0, 0.0, 1.0],
                [-0.986356, -0.054649, 0.155297, -0.0, 0.017486, -0.972738, -0.231247, 0.272858, 0.163701, -0.225376, 0.960421, 0.0, 0.0, 0.0, 0.0, 1.0],
                [-0.867614, -0.092244, -0.488608, 0.0, -0.491666, 0.012433, 0.870696, 0.272858, -0.074242, 0.995659, -0.05614, 0.0, 0.0, 0.0, 0.0, 1.0],
                [-0.619506, 0.739001, -0.264745, -0.0, 0.304161, 0.536888, 0.786916, 0.272858, 0.723671, 0.406974, -0.557381, -0.0, 0.0, 0.0, 0.0, 1.0],
                [0.081491, 0.992667, -0.08928, -0.0, 0.759265, -0.0038, 0.650771, 0.272858, 0.64566, -0.12082, -0.754007, 0.0, 0.0, 0.0, 0.0, 1.0],
                [0.893866, 0.420239, 0.156213, -0.0, 0.396719, -0.903702, 0.161049, 0.272858, 0.208849, -0.081983, -0.974506, 0.0, 0.0, 0.0, 0.0, 1.0],
                [0.981067, 0.168838, -0.094874, -0.0, 0.095492, -0.847903, -0.52148, 0.272858, -0.16849, 0.502548, -0.847972, -0.0, 0.0, 0.0, 0.0, 1.0]
            ]
        },
        {
            "name": "Elbow_R",
            "time": [0.0, 0.1667, 0.2, 0.2333, 0.3333, 0.45, 0.9167],
            "transform": [
                [-1.0, 0.0, -0.0, 0.0, 0.0, -0.0, -1.0, 0.3, -0.0, -1.0, -0.0, 0.0, 0.0, 0.0, 0.0, 1.0],
                [-1.0, 0.0, -0.0, -0.0, 0.0, -0.0, -1.0, 0.3, -0.0, -1.0, -0.0, 0.0, 0.0, 0.0, 0.0, 1.0],
                [-1.0, 0.0, -0.0, 0.0, 0.0, 0.0, -1.0, 0.3, -0.0, -1.0, 0.0, 0.0, 0.0, 0.0, 0.0, 1.0],
                [-1.0, 0.0, -0.0, 0.0, 0.0, 0.0, -1.0, 0.3, -0.0, -1.0, -0.0, 0.0, 0.0, 0.0, 0.0, 1.0],
                [-1.0, 0.0, -0.0, 0.0, 0.0, 0.0, -1.0, 0.3, -0.0, -1.0, 0.0, 0.0, 0.0, 0.0, 0.0, 1.0],
                [-1.0, 0.0, -0.0, 0.0, 0.0, 0.0, -1.0, 0.3, -0.0, -1.0, 0.0, 0.0, 0.0, 0.0, 0.0, 1.0],
                [-1.0, 0.0, 0.0, -0.0, 0.0, 0.0, -1.0, 0.3, -0.0, -1.0, -0.0, 0.0, 0.0, 0.0, 0.0, 1.0]
            ]
        },
        {
            "name": "Shoulder_L",
            "time": [0.0, 0.1667, 0.3333, 0.45, 0.9167],
            "transform": [
                [0.100037, -0.947756, -0.302904, -0.0, 0.023854, -0.30206, 0.95299, 0.4, -0.994698, -0.10256, -0.007609, -0.0, 0.0, 0.0, 0.0, 1.0],
                [-0.26932, -0.914175, -0.302905, -0.0, -0.093255, -0.288293, 0.952991, 0.4, -0.958525, 0.284907, -0.007609, 0.0, 0.0, 0.0, 0.0, 1.0],
                [0.100037, -0.947756, -0.302905, -0.0, 0.023854, -0.30206, 0.952991, 0.4, -0.994698, -0.10256, -0.007609, -0.0, 0.0, 0.0, 0.0, 1.0],
                [0.100037, -0.947756, -0.302905, -0.0, 0.023854, -0.30206, 0.952991, 0.4, -0.994698, -0.10256, -0.007609, -0.0, 0.0, 0.0, 0.0, 1.0],
                [-0.0, -0.952114, -0.305743, 0.0, 0.0, -0.305743, 0.952114, 0.4, -1.0, 0.0, 0.0, 0.0, 0.0, 0.0, 0.0, 1.0]
            ]
        },
        {
            "name": "Arm_L",
            "time": [0.0, 0.1667, 0.3333, 0.45, 0.9167],
            "transform": [
                [0.438191, 0.82961, 0.346028, 0.0, 0.162248, 0.305633, -0.938224, 0.39386, -0.884118, 0.467264, -0.000677, 0.0, 0.0, 0.0, 0.0, 1.0],
                [0.194001, -0.083117, 0.977474, -0.0, 0.199947, 0.978838, 0.043549, 0.39386, -0.960409, 0.186995, 0.206515, 0.0, 0.0, 0.0, 0.0, 1.0],
                [0.051304, -0.112594, 0.992316, 0.0, -0.233537, 0.964723, 0.121537, 0.39386, -0.970994, -0.237977, 0.023199, -0.0, 0.0, 0.0, 0.0, 1.0],
                [0.051304, -0.112594, 0.992316, 0.0, -0.233537, 0.964723, 0.121537, 0.39386, -0.970994, -0.237977, 0.023199, -0.0, 0.0, 0.0, 0.0, 1.0],
                [0.075197, 0.136966, 0.987717, -0.0, -0.815154, 0.578958, -0.018225, 0.39386, -0.574344, -0.803771, 0.155185, -0.0, 0.0, 0.0, 0.0, 1.0]
            ]
        },
        {
            "name": "Hand_L",
            "time": [0.0, 0.1667, 0.3333, 0.45, 0.9167],
            "transform": [
                [1.0, -0.0, 0.0, 0.0, 0.0, 0.678807, -0.734317, 0.3, -0.0, 0.734317, 0.678807, -0.0, 0.0, 0.0, 0.0, 1.0],
                [1.0, -0.0, -0.0, 0.0, -0.0, 0.180227, -0.983626, 0.3, 0.0, 0.983625, 0.180227, 0.0, 0.0, 0.0, 0.0, 1.0],
                [0.968222, 0.008383, 0.249953, -0.0, 0.061854, 0.960362, -0.271808, 0.3, -0.242324, 0.278631, 0.929325, -0.0, 0.0, 0.0, 0.0, 1.0],
                [0.968222, 0.008383, 0.249953, -0.0, 0.061854, 0.960362, -0.271808, 0.3, -0.242324, 0.278631, 0.929325, -0.0, 0.0, 0.0, 0.0, 1.0],
                [1.0, -0.0, 0.0, -0.0, 0.0, 0.999929, 0.011952, 0.3, -0.0, -0.011952, 0.999929, 0.0, 0.0, 0.0, 0.0, 1.0]
            ]
        },
        {
            "name": "Tool_L",
            "time": [0.0, 0.1667, 0.2, 0.2333, 0.3333, 0.45, 0.9167],
            "transform": [
                [1.0, -0.0, 0.0, -0.0, 0.0, -0.999836, 0.018122, 0.272858, 0.0, -0.018122, -0.999836, 0.0, 0.0, 0.0, 0.0, 1.0],
                [1.0, 0.0, 0.0, 0.0, 0.0, -0.999836, 0.018122, 0.272858, 0.0, -0.018122, -0.999836, -0.0, 0.0, 0.0, 0.0, 1.0],
                [1.0, 0.0, 0.0, 0.0, -0.0, -0.999836, 0.018122, 0.272858, 0.0, -0.018122, -0.999836, -0.0, 0.0, 0.0, 0.0, 1.0],
                [1.0, 0.0, 0.0, 0.0, 0.0, -0.999836, 0.018122, 0.272858, 0.0, -0.018122, -0.999836, -0.0, 0.0, 0.0, 0.0, 1.0],
                [1.0, 0.0, 0.0, -0.0, 0.0, -0.999836, 0.018122, 0.272858, 0.0, -0.018122, -0.999836, 0.0, 0.0, 0.0, 0.0, 1.0],
                [1.0, 0.0, 0.0, -0.0, 0.0, -0.999836, 0.018122, 0.272858, 0.0, -0.018122, -0.999836, 0.0, 0.0, 0.0, 0.0, 1.0],
                [1.0, -0.0, 0.0, 0.0, -0.0, -0.999836, 0.018122, 0.272858, 0.0, -0.018122, -0.999836, -0.0, 0.0, 0.0, 0.0, 1.0]
            ]
        },
        {
            "name": "Elbow_L",
            "time": [0.0, 0.1667, 0.2, 0.2333, 0.3333, 0.45, 0.9167],
            "transform": [
                [-1.0, 0.0, -0.0, 0.0, 0.0, -0.0, -1.0, 0.3, -0.0, -1.0, -0.0, -0.0, 0.0, 0.0, 0.0, 1.0],
                [-1.0, 0.0, -0.0, 0.0, 0.0, -0.0, -1.0, 0.3, -0.0, -1.0, 0.0, 0.0, 0.0, 0.0, 0.0, 1.0],
                [-1.0, 0.0, -0.0, 0.0, 0.0, -0.0, -1.0, 0.3, -0.0, -1.0, 0.0, 0.0, 0.0, 0.0, 0.0, 1.0],
                [-1.0, 0.0, -0.0, -0.0, 0.0, -0.0, -1.0, 0.3, -0.0, -1.0, 0.0, -0.0, 0.0, 0.0, 0.0, 1.0],
                [-1.0, 0.0, 0.0, -0.0, 0.0, -0.0, -1.0, 0.3, -0.0, -1.0, 0.0, -0.0, 0.0, 0.0, 0.0, 1.0],
                [-1.0, 0.0, 0.0, -0.0, 0.0, -0.0, -1.0, 0.3, -0.0, -1.0, 0.0, -0.0, 0.0, 0.0, 0.0, 1.0],
                [-1.0, 0.0, -0.0, -0.0, 0.0, -0.0, -1.0, 0.3, -0.0, -1.0, 0.0, 0.0, 0.0, 0.0, 0.0, 1.0]
            ]
        }
    ]
}