{
    "animation": [
        {
            "name": "Root",
            "time": [0.0, 0.1333, 0.2667, 0.3667, 0.5, 0.6667, 0.8667, 0.9833, 1.1, 1.2333, 1.35, 1.4833],
            "transform": [
                [-0.240388, -0.181019, -0.953649, -5e-06, -0.967772, -0.03126, 0.249881, 0.002389, -0.075044, 0.982983, -0.167671, 0.699959, 0.0, 0.0, 0.0, 1.0],
                [0.692366, -0.089243, -0.716006, -5e-06, -0.72141, -0.066324, -0.689325, 0.028157, 0.014029, 0.993799, -0.110301, 0.641289, 0.0, 0.0, 0.0, 1.0],
                [0.98966, 0.002934, -0.143403, -5e-06, -0.142193, -0.111085, -0.983586, 0.151594, -0.018816, 0.993807, -0.10952, 0.598581, 0.0, 0.0, 0.0, 1.0],
                [0.950627, 0.054286, 0.305551, -5e-06, 0.309361, -0.087773, -0.946885, 0.378659, -0.024584, 0.99466, -0.100234, 0.689373, 0.0, 0.0, 0.0, 1.0],
                [0.64461, 0.174205, 0.744399, -0.06448, 0.689306, -0.553566, -0.467356, 0.542922, 0.330658, 0.814382, -0.476915, 0.770501, 0.0, 0.0, 0.0, 1.0],
                [0.64461, 0.174205, 0.7444, -0.06448, 0.727161, -0.440334, -0.526634, 0.542922, 0.236042, 0.880772, -0.410519, 0.770501, 0.0, 0.0, 0.0, 1.0],
                [0.64461, 0.174205, 0.7444, -0.06448, 0.727161, -0.440334, -0.526634, 0.542922, 0.236042, 0.880772, -0.410519, 0.770501, 0.0, 0.0, 0.0, 1.0],
                [0.459376, 0.158023, 0.874072, -0.02214, 0.887336, -0.126078, -0.443554, 0.676546, 0.040109, 0.979353, -0.198136, 0.76783, 0.0, 0.0, 0.0, 1.0],
                [-0.997234, 0.064489, -0.036955, 0.020201, -0.038717, -0.02628, 0.998904, 0.81017, 0.063447, 0.997572, 0.028704, 0.733703, 0.0, 0.0, 0.0, 1.0],
                [0.960984, 0.006434, -0.276528, -0.024647, -0.27658, 0.009489, -0.960944, 0.78704, -0.003559, 0.999934, 0.010898, 0.719367, 0.0, 0.0, 0.0, 1.0],
                [0.968198, 0.012251, -0.249884, -5e-06, -0.250156, 0.032509, -0.96766, 0.816765, -0.003731, 0.999396, 0.034539, 0.670691, 0.0, 0.0, 0.0, 1.0],
                [0.968198, 0.012251, -0.249884, -5e-06, -0.250156, 0.032509, -0.96766, 0.816765, -0.003731, 0.999396, 0.034539, 0.670691, 0.0, 0.0, 0.0, 1.0]
            ]
        },
        {
            "name": "Thigh_R",
            "time": [0.0, 0.1333, 0.2667, 0.3667, 0.5, 0.6667, 0.8667, 0.9833, 1.1, 1.2333, 1.35, 1.4833],
            "transform": [
                [0.923012, 0.283745, -0.25988, 0.124994, 0.334544, -0.925465, 0.177742, -0.002831, -0.190076, -0.251001, -0.949142, -1.2e-05, 0.0, 0.0, 0.0, 1.0],
                [0.820568, 0.014413, -0.571366, 0.124994, -0.018291, -0.998507, -0.051456, -0.002831, -0.571256, 0.052674, -0.81908, -1.2e-05, 0.0, 0.0, 0.0, 1.0],
                [0.999429, 0.032389, 0.009662, 0.124994, 0.031486, -0.788248, -0.614551, -0.002831, -0.012289, 0.614504, -0.788818, -1.2e-05, 0.0, 0.0, 0.0, 1.0],
                [0.993874, 0.049316, -0.098901, 0.124994, 0.110103, -0.519031, 0.847634, -0.002831, -0.009531, -0.853331, -0.521282, -1.2e-05, 0.0, 0.0, 0.0, 1.0],
                [0.576145, 0.62341, -0.5286, 0.124994, 0.787078, -0.597536, 0.15316, -0.002831, -0.220376, -0.504291, -0.83494, -1.2e-05, 0.0, 0.0, 0.0, 1.0],
                [0.958448, 0.28359, 0.030911, 0.124994, 0.204578, -0.75881, 0.618347, -0.002831, 0.198813, -0.58633, -0.785297, -1.2e-05, 0.0, 0.0, 0.0, 1.0],
                [0.958448, 0.28359, 0.030911, 0.124994, 0.204578, -0.75881, 0.618347, -0.002831, 0.198813, -0.58633, -0.785297, -1.2e-05, 0.0, 0.0, 0.0, 1.0],
                [0.984889, -0.073172, -0.156968, 0.124994, 0.093288, -0.539476, 0.836816, -0.002831, -0.145912, -0.838815, -0.524498, -1.2e-05, 0.0, 0.0, 0.0, 1.0],
                [0.983034, 0.147524, 0.109005, 0.124994, -0.020955, -0.500055, 0.865739, -0.002831, 0.182225, -0.853335, -0.48848, -1.2e-05, 0.0, 0.0, 0.0, 1.0],
                [0.959643, 0.280113, -0.024927, 0.124994, 0.240566, -0.771779, 0.588628, -0.002831, 0.145645, -0.570871, -0.808019, -1.2e-05, 0.0, 0.0, 0.0, 1.0],
                [0.961877, 0.201452, -0.184957, 0.124994, 0.271748, -0.780075, 0.56359, -0.002831, -0.030744, -0.592367, -0.805082, -1.2e-05, 0.0, 0.0, 0.0, 1.0],
                [0.961877, 0.201452, -0.184957, 0.124994, 0.271748, -0.780075, 0.56359, -0.002831, -0.030744, -0.592367, -0.805082, -1.2e-05, 0.0, 0.0, 0.0, 1.0]
            ]
        },
        {
            "name": "Leg_R",
            "time": [0.0, 0.1333, 0.2667, 0.3667, 0.5, 0.6667, 0.8667, 0.9833, 1.1, 1.2333, 1.35, 1.4833],
            "transform": [
                [1.0, 0.000178, 0.000103, 0.0, -0.000204, 0.7823, 0.622902, 0.37472, 3e-05, -0.622901, 0.7823, -0.0, 0.0, 0.0, 0.0, 1.0],
                [1.0, 7.8e-05, 5.5e-05, 0.0, -9.3e-05, 0.657553, 0.753409, 0.37472, 2.2e-05, -0.753407, 0.657553, -0.0, 0.0, 0.0, 0.0, 1.0],
                [1.0, 1.8e-05, 2e-06, 0.0, -1.8e-05, 0.971056, 0.238854, 0.37472, 2e-06, -0.238853, 0.971056, 0.0, 0.0, 0.0, 0.0, 1.0],
                [1.0, 2.2e-05, 5.4e-05, -0.0, -4.4e-05, -0.328631, 0.944459, 0.37472, 3.8e-05, -0.944458, -0.328632, -0.0, 0.0, 0.0, 0.0, 1.0],
                [1.0, 0.000653, -0.000332, 0.0, -0.000502, 0.941073, 0.338205, 0.37472, 0.000533, -0.338205, 0.941073, 0.0, 0.0, 0.0, 0.0, 1.0],
                [1.0, 0.00017, 0.000243, -0.0, -0.000181, -0.299214, 0.954187, 0.37472, 0.000235, -0.954185, -0.299215, 0.0, 0.0, 0.0, 0.0, 1.0],
                [1.0, 0.00017, 0.000243, -0.0, -0.000181, -0.299214, 0.954187, 0.37472, 0.000235, -0.954185, -0.299215, 0.0, 0.0, 0.0, 0.0, 1.0],
                [1.0, 0.000135, 0.000249, 0.0, -0.000189, -0.33808, 0.941117, 0.37472, 0.000211, -0.941117, -0.338082, -0.0, 0.0, 0.0, 0.0, 1.0],
                [1.0, 0.000134, 0.000173, 0.0, -0.000179, 0.045353, 0.998971, 0.37472, 0.000126, -0.998971, 0.045353, -0.0, 0.0, 0.0, 0.0, 1.0],
                [1.0, 0.000304, 0.000182, 0.0, -0.000276, 0.34703, 0.937854, 0.37472, 0.000222, -0.937854, 0.347029, -0.0, 0.0, 0.0, 0.0, 1.0],
                [1.0, 0.000167, 0.000141, -0.0, -0.000218, 0.721957, 0.691937, 0.37472, 1.3e-05, -0.691937, 0.721957, -0.0, 0.0, 0.0, 0.0, 1.0],
                [1.0, 0.000167, 0.000141, -0.0, -0.000218, 0.721957, 0.691937, 0.37472, 1.3e-05, -0.691937, 0.721957, -0.0, 0.0, 0.0, 0.0, 1.0]
            ]
        },
        {
            "name": "Knee_R",
            "time": [0.0, 0.1333, 0.2667, 0.3667, 0.5, 0.6667, 0.8667, 0.9833, 1.1, 1.2333, 1.35, 1.4833],
            "transform": [
                [1.0, 0.0, -0.0, 0.0, -0.0, 0.0, -1.0, 0.37472, -0.0, 1.0, 0.0, -0.0, 0.0, 0.0, 0.0, 1.0],
                [1.0, 0.0, -0.0, 0.0, -0.0, 0.0, -1.0, 0.37472, -0.0, 1.0, 0.0, 0.0, 0.0, 0.0, 0.0, 1.0],
                [1.0, 0.0, -0.0, 0.0, -0.0, 0.0, -1.0, 0.37472, -0.0, 1.0, 0.0, -0.0, 0.0, 0.0, 0.0, 1.0],
                [1.0, 0.0, -0.0, 0.0, -1e-06, 0.0, -1.0, 0.37472, -0.0, 1.0, 0.0, -0.0, 0.0, 0.0, 0.0, 1.0],
                [1.0, 0.0, -0.0, 0.0, -0.0, 0.0, -1.0, 0.37472, -0.0, 1.0, 0.0, -0.0, 0.0, 0.0, 0.0, 1.0],
                [1.0, 0.0, -0.0, 0.0, -0.0, 0.0, -1.0, 0.37472, -0.0, 1.0, 0.0, 0.0, 0.0, 0.0, 0.0, 1.0],
                [1.0, 0.0, -0.0, 0.0, -0.0, 0.0, -1.0, 0.37472, -0.0, 1.0, 0.0, 0.0, 0.0, 0.0, 0.0, 1.0],
                [1.0, 0.0, -0.0, 0.0, -1e-06, 0.0, -1.0, 0.37472, -0.0, 1.0, 0.0, -0.0, 0.0, 0.0, 0.0, 1.0],
                [1.0, 0.0, -0.0, 0.0, -0.0, 0.0, -1.0, 0.37472, -0.0, 1.0, 0.0, 0.0, 0.0, 0.0, 0.0, 1.0],
                [1.0, 0.0, -0.0, 0.0, -0.0, 0.0, -1.0, 0.37472, -0.0, 1.0, 0.0, -0.0, 0.0, 0.0, 0.0, 1.0],
                [1.0, 0.0, -0.0, -0.0, -0.0, 0.0, -1.0, 0.37472, -0.0, 1.0, 0.0, -0.0, 0.0, 0.0, 0.0, 1.0],
                [1.0, 0.0, -0.0, -0.0, -0.0, 0.0, -1.0, 0.37472, -0.0, 1.0, 0.0, -0.0, 0.0, 0.0, 0.0, 1.0]
            ]
        },
        {
            "name": "Thigh_L",
            "time": [0.0, 0.1333, 0.2667, 0.3667, 0.5, 0.6667, 0.8667, 0.9833, 1.1, 1.2333, 1.35, 1.4833],
            "transform": [
                [0.771472, -0.352892, -0.529432, -0.125006, -0.271993, -0.935146, 0.226979, -0.002831, -0.575196, -0.031107, -0.817424, -1.2e-05, 0.0, 0.0, 0.0, 1.0],
                [0.760226, -0.557096, -0.334217, -0.125006, -0.24816, -0.724457, 0.6431, -0.002831, -0.600395, -0.405963, -0.689, -1.2e-05, 0.0, 0.0, 0.0, 1.0],
                [0.990428, -0.086327, -0.107704, -0.125006, 0.024756, -0.656542, 0.753882, -0.002831, -0.135792, -0.749333, -0.648121, -1.2e-05, 0.0, 0.0, 0.0, 1.0],
                [0.980304, 0.067786, -0.185499, -0.125006, 0.13829, -0.906161, 0.399684, -0.002831, -0.140999, -0.417465, -0.897688, -1.2e-05, 0.0, 0.0, 0.0, 1.0],
                [0.90895, -0.352276, -0.222961, -0.125006, -0.400845, -0.885463, -0.235112, -0.002831, -0.114599, 0.303077, -0.946051, -1.2e-05, 0.0, 0.0, 0.0, 1.0],
                [0.94493, -0.234414, -0.228382, -0.125006, -0.286487, -0.92983, -0.230952, -0.002831, -0.158218, 0.283661, -0.945782, -1.2e-05, 0.0, 0.0, 0.0, 1.0],
                [0.94493, -0.234414, -0.228382, -0.125006, -0.286487, -0.92983, -0.230952, -0.002831, -0.158218, 0.283661, -0.945782, -1.2e-05, 0.0, 0.0, 0.0, 1.0],
                [0.997009, 0.026043, -0.072768, -0.125006, 0.006578, -0.966692, -0.255854, -0.002831, -0.077007, 0.254611, -0.963973, -1.2e-05, 0.0, 0.0, 0.0, 1.0],
                [0.998686, 0.024265, 0.045146, -0.125006, 0.002599, -0.903667, 0.428228, -0.002831, 0.051188, -0.427548, -0.902543, -1.2e-05, 0.0, 0.0, 0.0, 1.0],
                [0.995043, -0.091163, 0.039738, -0.125006, -0.097724, -0.97041, 0.2208, -0.002831, 0.018433, -0.223589, -0.974509, -1.2e-05, 0.0, 0.0, 0.0, 1.0],
                [0.879826, -0.35402, -0.317137, -0.125006, -0.226147, -0.898681, 0.375802, -0.002831, -0.418047, -0.258921, -0.870745, -1.2e-05, 0.0, 0.0, 0.0, 1.0],
                [0.879826, -0.35402, -0.317137, -0.125006, -0.226147, -0.898681, 0.375802, -0.002831, -0.418047, -0.258921, -0.870745, -1.2e-05, 0.0, 0.0, 0.0, 1.0]
            ]
        },
        {
            "name": "Leg_L",
            "time": [0.0, 0.1333, 0.2667, 0.3667, 0.5, 0.6667, 0.8667, 0.9833, 1.1, 1.2333, 1.35, 1.4833],
            "transform": [
                [1.0, -0.000104, -4.3e-05, 0.0, 0.000111, 0.857742, 0.514081, 0.37472, -1.6e-05, -0.51408, 0.857742, 0.0, 0.0, 0.0, 0.0, 1.0],
                [1.0, -8.2e-05, -7.8e-05, 0.0, 0.000113, 0.670893, 0.741554, 0.37472, -9e-06, -0.741554, 0.670893, 0.0, 0.0, 0.0, 0.0, 1.0],
                [1.0, 7.4e-05, 0.000118, -0.0, -0.000139, 0.497764, 0.867312, 0.37472, 5e-06, -0.867312, 0.497764, -0.0, 0.0, 0.0, 0.0, 1.0],
                [1.0, 0.000123, 0.00011, -0.0, -0.000164, 0.684454, 0.729056, 0.37472, 1.5e-05, -0.729055, 0.684454, -0.0, 0.0, 0.0, 0.0, 1.0],
                [1.0, -0.000241, -0.000107, 0.0, 0.000261, 0.840805, 0.541338, 0.37472, -4e-05, -0.541337, 0.840805, 0.0, 0.0, 0.0, 0.0, 1.0],
                [1.0, -0.000187, -6.1e-05, -0.0, 0.000195, 0.900183, 0.435512, 0.37472, -2.7e-05, -0.435511, 0.900183, 0.0, 0.0, 0.0, 0.0, 1.0],
                [1.0, -0.000187, -6.1e-05, -0.0, 0.000195, 0.900183, 0.435512, 0.37472, -2.7e-05, -0.435511, 0.900183, 0.0, 0.0, 0.0, 0.0, 1.0],
                [1.0, -5.3e-05, 5e-06, -0.0, 5.2e-05, 0.995997, 0.089384, 0.37472, -9e-06, -0.089384, 0.995997, 0.0, 0.0, 0.0, 0.0, 1.0],
                [1.0, -4e-05, -2.2e-05, -0.0, 4.5e-05, 0.788609, 0.614895, 0.37472, -7e-06, -0.614894, 0.788609, -0.0, 0.0, 0.0, 0.0, 1.0],
                [1.0, -9.5e-05, -3.1e-05, -0.0, 9.8e-05, 0.875923, 0.482451, 0.37472, -1.9e-05, -0.48245, 0.875923, 0.0, 0.0, 0.0, 0.0, 1.0],
                [1.0, -4.8e-05, -4.2e-05, 0.0, 6.3e-05, 0.641064, 0.767488, 0.37472, -1e-05, -0.767487, 0.641063, 0.0, 0.0, 0.0, 0.0, 1.0],
                [1.0, -4.8e-05, -4.2e-05, 0.0, 6.3e-05, 0.641064, 0.767488, 0.37472, -1e-05, -0.767487, 0.641063, 0.0, 0.0, 0.0, 0.0, 1.0]
            ]
        },
        {
            "name": "Knee_L",
            "time": [0.0, 0.1333, 0.2667, 0.3667, 0.5, 0.6667, 0.8667, 0.9833, 1.1, 1.2333, 1.35, 1.4833],
            "transform": [
                [1.0, 0.0, -0.0, 0.0, -0.0, 0.0, -1.0, 0.37472, -0.0, 1.0, 0.0, 0.0, 0.0, 0.0, 0.0, 1.0],
                [1.0, 0.0, -0.0, -0.0, -0.0, 0.0, -1.0, 0.37472, -0.0, 1.0, 0.0, 0.0, 0.0, 0.0, 0.0, 1.0],
                [1.0, 0.0, -0.0, 0.0, -0.0, 0.0, -1.0, 0.37472, -0.0, 1.0, 0.0, -0.0, 0.0, 0.0, 0.0, 1.0],
                [1.0, 0.0, -0.0, -0.0, -0.0, 0.0, -1.0, 0.37472, -0.0, 1.0, 0.0, -0.0, 0.0, 0.0, 0.0, 1.0],
                [1.0, 0.0, -0.0, -0.0, -0.0, 0.0, -1.0, 0.37472, -0.0, 1.0, 0.0, -0.0, 0.0, 0.0, 0.0, 1.0],
                [1.0, 0.0, -0.0, -0.0, -0.0, 0.0, -1.0, 0.37472, -0.0, 1.0, 0.0, 0.0, 0.0, 0.0, 0.0, 1.0],
                [1.0, 0.0, -0.0, -0.0, -0.0, 0.0, -1.0, 0.37472, -0.0, 1.0, 0.0, 0.0, 0.0, 0.0, 0.0, 1.0],
                [1.0, 0.0, -0.0, -0.0, -0.0, 0.0, -1.0, 0.37472, -0.0, 1.0, 0.0, 0.0, 0.0, 0.0, 0.0, 1.0],
                [1.0, 0.0, -0.0, -0.0, -0.0, 0.0, -1.0, 0.37472, -0.0, 1.0, 0.0, 0.0, 0.0, 0.0, 0.0, 1.0],
                [1.0, 0.0, -0.0, -0.0, -0.0, 0.0, -1.0, 0.37472, -0.0, 1.0, 0.0, 0.0, 0.0, 0.0, 0.0, 1.0],
                [1.0, 0.0, -0.0, 0.0, -0.0, 0.0, -1.0, 0.37472, -0.0, 1.0, 0.0, 0.0, 0.0, 0.0, 0.0, 1.0],
                [1.0, 0.0, -0.0, 0.0, -0.0, 0.0, -1.0, 0.37472, -0.0, 1.0, 0.0, 0.0, 0.0, 0.0, 0.0, 1.0]
            ]
        },
        {
            "name": "Torso",
            "time": [0.0, 0.1333, 0.2667, 0.3667, 0.4333, 0.5, 0.6667, 0.8667, 0.9833, 1.1, 1.2333, 1.35, 1.4833],
            "transform": [
                [1.0, 0.0, 0.0, -0.0, -0.0, 0.995865, 0.090842, 0.05, -0.0, -0.090842, 0.995865, 0.0, 0.0, 0.0, 0.0, 1.0],
                [0.997811, -0.066126, -0.0, -0.0, 0.065852, 0.993686, 0.090842, 0.05, -0.006007, -0.090643, 0.995865, 0.0, 0.0, 0.0, 0.0, 1.0],
                [0.960245, -0.0, 0.27916, -0.0, 0.001782, 0.999979, -0.006128, 0.05, -0.279154, 0.006381, 0.960225, 0.0, 0.0, 0.0, 0.0, 1.0],
                [0.960245, -0.0, 0.27916, 0.0, 0.001782, 0.99998, -0.006128, 0.05, -0.279154, 0.006381, 0.960225, -0.0, 0.0, 0.0, 0.0, 1.0],
                [0.960245, -0.0, 0.27916, -0.0, 0.001782, 0.99998, -0.006128, 0.05, -0.279154, 0.006381, 0.960225, -0.0, 0.0, 0.0, 0.0, 1.0],
                [0.960245, -0.0, 0.27916, 0.0, 0.001782, 0.99998, -0.006128, 0.05, -0.279154, 0.006381, 0.960225, -0.0, 0.0, 0.0, 0.0, 1.0],
                [0.960245, -0.0, 0.27916, -0.0, 0.001782, 0.99998, -0.006128, 0.05, -0.279154, 0.006381, 0.960225, -0.0, 0.0, 0.0, 0.0, 1.0],
                [0.960245, -0.0, 0.27916, -0.0, 0.001782, 0.99998, -0.006128, 0.05, -0.279154, 0.006381, 0.960225, -0.0, 0.0, 0.0, 0.0, 1.0],
                [0.972674, 0.112321, 0.203198, 0.0, -0.122651, 0.991686, 0.03894, 0.05, -0.197135, -0.062799, 0.978363, -0.0, 0.0, 0.0, 0.0, 1.0],
                [1.0, -0.0, 0.0, 0.0, -0.0, 1.0, 0.0, 0.05, -0.0, -0.0, 1.0, 0.0, 0.0, 0.0, 0.0, 1.0],
                [1.0, -0.0, 0.0, -0.0, 0.0, 1.0, -0.0, 0.05, -0.0, 0.0, 1.0, 0.0, 0.0, 0.0, 0.0, 1.0],
                [1.0, -0.0, -0.0, 0.0, 0.0, 0.997185, -0.074975, 0.05, 0.0, 0.074975, 0.997185, -0.0, 0.0, 0.0, 0.0, 1.0],
                [1.0, -0.0, -0.0, 0.0, 0.0, 0.997185, -0.074975, 0.05, 0.0, 0.074975, 0.997185, -0.0, 0.0, 0.0, 0.0, 1.0]
            ]
        },
        {
            "name": "Chest",
            "time": [0.0, 0.1333, 0.2667, 0.3667, 0.4333, 0.5, 0.6667, 0.8667, 0.9833, 1.1, 1.2333, 1.35, 1.4833],
            "transform": [
                [0.978992, -0.140921, 0.147361, -0.0, 0.114317, 0.977801, 0.175605, 0.3, -0.168836, -0.15507, 0.973369, 0.0, 0.0, 0.0, 0.0, 1.0],
                [0.985769, 0.0, 0.168109, -0.0, -0.035612, 0.977305, 0.208822, 0.3, -0.164293, -0.211837, 0.963397, 0.0, 0.0, 0.0, 0.0, 1.0],
                [0.487449, 1e-06, 0.873151, 0.0, -0.205722, 0.971848, 0.114847, 0.3, -0.84857, -0.235608, 0.473727, -0.0, 0.0, 0.0, 0.0, 1.0],
                [0.487449, 1e-06, 0.873151, 0.0, -0.205722, 0.971848, 0.114847, 0.3, -0.84857, -0.235608, 0.473727, 0.0, 0.0, 0.0, 0.0, 1.0],
                [1.0, -0.0, 0.0, 0.0, 0.0, 0.952473, 0.304624, 0.3, -0.0, -0.304624, 0.952473, -0.0, 0.0, 0.0, 0.0, 1.0],
                [0.750666, 0.372028, -0.545981, -0.0, 0.018323, 0.81435, 0.580085, 0.3, 0.660428, -0.445454, 0.604488, 0.0, 0.0, 0.0, 0.0, 1.0],
                [0.750666, 0.372028, -0.545981, -0.0, 0.018323, 0.81435, 0.580085, 0.3, 0.660428, -0.445455, 0.604488, -0.0, 0.0, 0.0, 0.0, 1.0],
                [0.750666, 0.372028, -0.545981, -0.0, 0.018323, 0.81435, 0.580085, 0.3, 0.660428, -0.445455, 0.604488, -0.0, 0.0, 0.0, 0.0, 1.0],
                [1.0, -0.0, -0.0, 0.0, 0.0, 0.951604, 0.307327, 0.3, -0.0, -0.307327, 0.951604, -0.0, 0.0, 0.0, 0.0, 1.0],
                [0.981678, 0.174735, -0.075996, 0.0, -0.152958, 0.960479, 0.232558, 0.3, 0.113628, -0.216673, 0.969609, 0.0, 0.0, 0.0, 0.0, 1.0],
                [0.989827, -0.087318, 0.112334, -0.0, 0.067366, 0.983045, 0.170541, 0.3, -0.12532, -0.161238, 0.978926, -0.0, 0.0, 0.0, 0.0, 1.0],
                [0.994102, -0.051441, 0.095468, 0.0, 0.029444, 0.975299, 0.218918, 0.3, -0.104371, -0.214816, 0.971062, 0.0, 0.0, 0.0, 0.0, 1.0],
                [0.994102, -0.051441, 0.095468, 0.0, 0.029444, 0.975299, 0.218918, 0.3, -0.104371, -0.214816, 0.971062, 0.0, 0.0, 0.0, 0.0, 1.0]
            ]
        },
        {
            "name": "Head",
            "time": [0.0, 0.1333, 0.2667, 0.3667, 0.5, 0.6667, 0.8667, 0.9833, 1.1, 1.2333, 1.35, 1.4833],
            "transform": [
                [0.709641, -0.033953, 0.703745, 0.0, 0.039837, 0.999174, 0.008035, 0.4, -0.703437, 0.022333, 0.710407, -0.0, 0.0, 0.0, 0.0, 1.0],
                [0.709641, -0.033953, 0.703745, -0.0, 0.039837, 0.999174, 0.008035, 0.4, -0.703437, 0.022333, 0.710407, 0.0, 0.0, 0.0, 0.0, 1.0],
                [0.463565, -0.0, -0.886063, 0.0, 0.0, 1.0, -0.0, 0.4, 0.886063, 0.0, 0.463565, -0.0, 0.0, 0.0, 0.0, 1.0],
                [0.463565, -0.0, -0.886063, 0.0, 0.0, 1.0, -0.0, 0.4, 0.886063, 0.0, 0.463565, 0.0, 0.0, 0.0, 0.0, 1.0],
                [0.933029, 0.013871, -0.359534, -0.0, 0.004366, 0.998747, 0.049861, 0.4, 0.359775, -0.048091, 0.931799, -0.0, 0.0, 0.0, 0.0, 1.0],
                [0.933029, 0.013871, -0.359534, -0.0, 0.004366, 0.998747, 0.049861, 0.4, 0.359775, -0.048091, 0.931799, -0.0, 0.0, 0.0, 0.0, 1.0],
                [0.933029, 0.013871, -0.359534, -0.0, 0.004366, 0.998747, 0.049861, 0.4, 0.359775, -0.048091, 0.931799, -0.0, 0.0, 0.0, 0.0, 1.0],
                [0.983112, 0.004717, -0.182944, 0.0, -0.000119, 0.999684, 0.02514, 0.4, 0.183005, -0.024694, 0.982802, 0.0, 0.0, 0.0, 0.0, 1.0],
                [1.0, 0.0, -0.0, -0.0, -0.0, 1.0, 0.0, 0.4, -0.0, 0.0, 1.0, -0.0, 0.0, 0.0, 0.0, 1.0],
                [1.0, -0.0, 0.0, -0.0, -0.0, 1.0, -0.0, 0.4, 0.0, 0.0, 1.0, -0.0, 0.0, 0.0, 0.0, 1.0],
                [0.99259, 0.0, 0.121513, -0.0, -0.0, 1.0, -0.0, 0.4, -0.121513, 0.0, 0.99259, 0.0, 0.0, 0.0, 0.0, 1.0],
                [0.99259, 0.0, 0.121513, -0.0, -0.0, 1.0, -0.0, 0.4, -0.121513, 0.0, 0.99259, 0.0, 0.0, 0.0, 0.0, 1.0]
            ]
        },
        {
            "name": "Shoulder_R",
            "time": [0.0, 0.1333, 0.2667, 0.3667, 0.5, 0.6667, 0.8667, 0.9833, 1.1, 1.2333, 1.35, 1.4833],
            "transform": [
                [0.0, 0.962821, 0.270139, 0.0, 0.0, -0.270139, 0.962821, 0.4, 1.0, 0.0, -0.0, -0.0, 0.0, 0.0, 0.0, 1.0],
                [0.130771, 0.94309, 0.305743, -0.0, -0.041993, -0.302846, 0.952114, 0.4, 0.990523, -0.137348, -0.0, 0.0, 0.0, 0.0, 0.0, 1.0],
                [0.130771, 0.94309, 0.305743, 0.0, -0.041993, -0.302846, 0.952114, 0.4, 0.990523, -0.137348, -0.0, -0.0, 0.0, 0.0, 0.0, 1.0],
                [0.130771, 0.94309, 0.305743, 0.0, -0.041993, -0.302846, 0.952114, 0.4, 0.990523, -0.137348, -0.0, 0.0, 0.0, 0.0, 0.0, 1.0],
                [0.130771, 0.94309, 0.305743, -0.0, -0.041993, -0.302846, 0.952114, 0.4, 0.990523, -0.137348, -0.0, -0.0, 0.0, 0.0, 0.0, 1.0],
                [0.130771, 0.94309, 0.305743, -0.0, -0.041993, -0.302846, 0.952114, 0.4, 0.990523, -0.137348, -0.0, -0.0, 0.0, 0.0, 0.0, 1.0],
                [0.130771, 0.94309, 0.305743, -0.0, -0.041993, -0.302846, 0.952114, 0.4, 0.990523, -0.137348, -0.0, -0.0, 0.0, 0.0, 0.0, 1.0],
                [0.130771, 0.94309, 0.305743, 0.0, -0.041993, -0.302846, 0.952114, 0.4, 0.990523, -0.137348, -0.0, 0.0, 0.0, 0.0, 0.0, 1.0],
                [0.130771, 0.94309, 0.305743, -0.0, -0.041993, -0.302846, 0.952114, 0.4, 0.990523, -0.137348, -0.0, -0.0, 0.0, 0.0, 0.0, 1.0],
                [0.130771, 0.94309, 0.305743, -0.0, -0.041993, -0.302846, 0.952114, 0.4, 0.990523, -0.137348, -0.0, -0.0, 0.0, 0.0, 0.0, 1.0],
                [-0.115132, 0.9365, 0.331228, -0.0, -0.013545, -0.334894, 0.942158, 0.4, 0.993258, 0.103986, 0.051242, 0.0, 0.0, 0.0, 0.0, 1.0],
                [-0.115132, 0.9365, 0.331228, -0.0, -0.013545, -0.334894, 0.942158, 0.4, 0.993258, 0.103986, 0.051242, 0.0, 0.0, 0.0, 0.0, 1.0]
            ]
        },
        {
            "name": "Arm_R",
            "time": [0.0, 0.1333, 0.2667, 0.3667, 0.5, 0.6667, 0.8667, 0.9833, 1.1, 1.2333, 1.35, 1.4833],
            "transform": [
                [-0.612114, -0.346502, -0.710812, 0.0, 0.294933, 0.733989, -0.611781, 0.39386, 0.733711, -0.584121, -0.34709, 0.0, 0.0, 0.0, 0.0, 1.0],
                [-0.318217, -0.383501, -0.866986, -0.0, 0.628196, 0.599621, -0.495807, 0.39386, 0.710006, -0.702411, 0.050104, 0.0, 0.0, 0.0, 0.0, 1.0],
                [0.161389, -0.471475, -0.866986, -0.0, -0.184234, 0.848666, -0.495807, 0.393861, 0.969542, 0.239746, 0.050104, -0.0, 0.0, 0.0, 0.0, 1.0],
                [0.348152, 0.137234, -0.927339, 0.0, 0.059784, 0.983963, 0.168058, 0.39386, 0.93553, -0.11395, 0.334364, 0.0, 0.0, 0.0, 0.0, 1.0],
                [0.251535, 0.241769, -0.937165, -0.0, 0.798675, 0.495074, 0.342083, 0.393861, 0.54667, -0.834536, -0.068566, 0.0, 0.0, 0.0, 0.0, 1.0],
                [0.251535, 0.241769, -0.937165, -0.0, 0.798675, 0.495073, 0.342083, 0.39386, 0.54667, -0.834536, -0.068566, 0.0, 0.0, 0.0, 0.0, 1.0],
                [0.251535, 0.241769, -0.937165, -0.0, 0.798675, 0.495073, 0.342083, 0.39386, 0.54667, -0.834536, -0.068566, 0.0, 0.0, 0.0, 0.0, 1.0],
                [0.251535, 0.241769, -0.937165, -0.0, 0.798675, 0.495073, 0.342083, 0.39386, 0.54667, -0.834536, -0.068566, 0.0, 0.0, 0.0, 0.0, 1.0],
                [0.251536, 0.241769, -0.937165, 0.0, 0.798675, 0.495074, 0.342083, 0.39386, 0.54667, -0.834536, -0.068566, 0.0, 0.0, 0.0, 0.0, 1.0],
                [0.251536, 0.241769, -0.937165, 0.0, 0.798675, 0.495073, 0.342083, 0.393861, 0.54667, -0.834536, -0.068566, 0.0, 0.0, 0.0, 0.0, 1.0],
                [0.031094, -0.011467, -0.999451, 0.0, 0.823066, 0.567625, 0.019094, 0.39386, 0.567094, -0.823208, 0.027088, 0.0, 0.0, 0.0, 0.0, 1.0],
                [0.031094, -0.011467, -0.999451, 0.0, 0.823066, 0.567625, 0.019094, 0.39386, 0.567094, -0.823208, 0.027088, 0.0, 0.0, 0.0, 0.0, 1.0]
            ]
        },
        {
            "name": "Hand_R",
            "time": [0.0, 0.1333, 0.2667, 0.3667, 0.5, 0.6667, 0.8667, 0.9833, 1.1, 1.2333, 1.35, 1.4833],
            "transform": [
                [1.0, 0.0, 0.0, -0.0, 0.0, 0.334448, -0.942414, 0.3, -0.0, 0.942414, 0.334448, -0.0, 0.0, 0.0, 0.0, 1.0],
                [1.0, 0.0, 0.0, 0.0, 0.0, 0.334448, -0.942414, 0.3, -0.0, 0.942415, 0.334448, 0.0, 0.0, 0.0, 0.0, 1.0],
                [1.0, 0.0, 0.0, -0.0, 0.0, 0.334448, -0.942414, 0.3, -0.0, 0.942414, 0.334448, -0.0, 0.0, 0.0, 0.0, 1.0],
                [1.0, 0.0, 0.0, 0.0, 0.0, 0.334448, -0.942414, 0.3, -0.0, 0.942415, 0.334448, 0.0, 0.0, 0.0, 0.0, 1.0],
                [1.0, 0.0, 0.0, 0.0, -0.0, 0.828663, -0.559748, 0.3, -0.0, 0.559748, 0.828663, -0.0, 0.0, 0.0, 0.0, 1.0],
                [1.0, 0.0, -0.0, 0.0, -0.0, 0.828663, -0.559748, 0.3, -0.0, 0.559748, 0.828663, 0.0, 0.0, 0.0, 0.0, 1.0],
                [1.0, 0.0, -0.0, 0.0, -0.0, 0.828663, -0.559748, 0.3, -0.0, 0.559748, 0.828663, 0.0, 0.0, 0.0, 0.0, 1.0],
                [1.0, 0.0, 0.0, 0.0, -0.0, 0.828663, -0.559748, 0.3, -0.0, 0.559748, 0.828663, -0.0, 0.0, 0.0, 0.0, 1.0],
                [1.0, 0.0, 0.0, 0.0, -0.0, 0.828663, -0.559748, 0.3, -0.0, 0.559748, 0.828663, -0.0, 0.0, 0.0, 0.0, 1.0],
                [1.0, 0.0, 0.0, 0.0, -0.0, 0.828663, -0.559748, 0.3, -0.0, 0.559748, 0.828663, 0.0, 0.0, 0.0, 0.0, 1.0],
                [1.0, 0.0, 0.0, 0.0, -0.0, 0.960594, -0.277956, 0.3, -0.0, 0.277956, 0.960594, 0.0, 0.0, 0.0, 0.0, 1.0],
                [1.0, 0.0, 0.0, 0.0, -0.0, 0.960594, -0.277956, 0.3, -0.0, 0.277956, 0.960594, 0.0, 0.0, 0.0, 0.0, 1.0]
            ]
        },
        {
            "name": "Tool_R",
            "time": [0.0, 0.0167, 0.0333, 0.05, 0.0667, 0.0833, 0.1, 0.1167, 0.1333, 0.15, 0.1667, 0.1833, 0.2, 0.2167, 0.2333, 0.25, 0.2667, 0.2833, 0.3, 0.3167, 0.3333, 0.35, 0.3667, 0.3833, 0.4, 0.4167, 0.4333, 0.45, 0.4667, 0.4833, 0.5, 0.5167, 0.5333, 0.55, 0.5667, 0.5833, 0.6, 0.6167, 0.6333, 0.65, 0.6667, 0.7333, 0.8, 0.8667, 0.9833, 1.1, 1.2333, 1.35, 1.4833],
            "transform": [
                [0.625159, -0.030451, 0.779904, -1.56382, 0.779735, -0.019856, -0.625797, 1.222031, 0.034542, 0.999338, 0.01133, 2.026388, 0.0, 0.0, 0.0, 1.0],
                [0.634813, -0.025485, 0.772247, -1.546108, 0.772537, 0.002459, -0.634967, 1.266016, 0.014283, 0.999671, 0.021249, 2.003217, 0.0, 0.0, 0.0, 1.0],
                [0.661412, -0.011223, 0.74994, -1.493554, 0.748968, 0.062968, -0.659609, 1.38408, -0.03982, 0.997952, 0.050053, 1.933719, 0.0, 0.0, 0.0, 1.0],
                [0.701345, 0.011654, 0.712728, -1.404376, 0.703411, 0.150646, -0.694637, 1.551431, -0.115465, 0.988518, 0.097458, 1.814026, 0.0, 0.0, 0.0, 1.0],
                [0.749793, 0.042869, 0.660284, -1.276496, 0.631289, 0.252584, -0.733265, 1.737947, -0.198212, 0.966624, 0.162323, 1.643635, 0.0, 0.0, 0.0, 1.0],
                [0.800144, 0.082072, 0.594168, -1.112069, 0.533483, 0.355417, -0.767512, 1.912222, -0.27417, 0.931096, 0.240601, 1.432465, 0.0, 0.0, 0.0, 1.0],
                [0.844922, 0.128139, 0.519317, -0.921063, 0.417742, 0.448288, -0.790272, 2.049794, -0.334069, 0.884655, 0.325239, 1.200624, 0.0, 0.0, 0.0, 1.0],
                [0.877808, 0.179031, 0.444302, -0.721442, 0.296488, 0.525446, -0.797497, 2.14027, -0.376235, 0.831776, 0.40816, 0.971146, 0.0, 0.0, 0.0, 1.0],
                [0.895218, 0.232435, 0.380214, -0.535593, 0.182751, 0.58667, -0.788935, 2.188341, -0.406439, 0.77575, 0.48272, 0.76132, 0.0, 0.0, 0.0, 1.0],
                [0.882962, 0.341136, 0.322504, -0.272632, 0.035078, 0.637118, -0.769967, 2.207548, -0.468139, 0.691161, 0.550584, 0.536835, 0.0, 0.0, 0.0, 1.0],
                [0.806861, 0.522289, 0.276028, 0.088593, -0.180366, 0.662745, -0.726797, 2.147968, -0.562538, 0.536636, 0.628946, 0.210181, 0.0, 0.0, 0.0, 1.0],
                [0.652449, 0.707542, 0.271465, 0.396447, -0.428622, 0.639938, -0.637778, 1.940397, -0.62498, 0.29976, 0.720795, -0.247654, 0.0, 0.0, 0.0, 1.0],
                [0.452823, 0.828468, 0.329526, 0.516196, -0.661905, 0.559979, -0.498304, 1.567272, -0.597361, 0.007529, 0.801939, -0.763219, 0.0, 0.0, 0.0, 1.0],
                [0.277744, 0.855383, 0.437233, 0.423295, -0.837207, 0.43873, -0.326504, 1.085063, -0.471117, -0.275368, 0.837987, -1.191128, 0.0, 0.0, 0.0, 1.0],
                [0.180322, 0.814802, 0.550977, 0.221803, -0.937235, 0.312306, -0.15512, 0.602329, -0.298468, -0.488419, 0.819977, -1.432565, 0.0, 0.0, 0.0, 1.0],
                [0.162587, 0.760967, 0.628084, 0.050701, -0.974893, 0.222069, -0.016694, 0.231309, -0.152183, -0.609595, 0.777966, -1.505453, 0.0, 0.0, 0.0, 1.0],
                [0.194932, 0.73677, 0.647434, -0.005628, -0.977121, 0.203142, 0.063022, 0.058501, -0.085089, -0.644906, 0.75951, -1.493856, 0.0, 0.0, 0.0, 1.0],
                [0.244535, 0.738995, 0.627765, 0.017687, -0.965207, 0.247371, 0.084776, 0.053979, -0.092642, -0.626653, 0.773771, -1.458056, 0.0, 0.0, 0.0, 1.0],
                [0.289959, 0.749458, 0.595177, 0.06191, -0.94756, 0.312141, 0.068577, 0.116449, -0.134384, -0.58385, 0.800662, -1.412362, 0.0, 0.0, 0.0, 1.0],
                [0.321806, 0.769598, 0.551507, 0.126035, -0.927595, 0.373019, 0.020724, 0.207418, -0.189774, -0.518243, 0.833911, -1.35669, 0.0, 0.0, 0.0, 1.0],
                [0.330954, 0.802218, 0.496905, 0.211619, -0.91234, 0.406535, -0.048681, 0.289573, -0.241064, -0.437234, 0.866436, -1.294387, 0.0, 0.0, 0.0, 1.0],
                [0.30722, 0.849305, 0.429294, 0.320823, -0.910901, 0.393026, -0.125686, 0.329101, -0.275472, -0.352429, 0.894375, -1.234151, 0.0, 0.0, 0.0, 1.0],
                [0.23669, 0.90828, 0.344968, 0.451851, -0.928896, 0.315637, -0.193723, 0.294614, -0.284841, -0.274586, 0.918404, -1.185803, 0.0, 0.0, 0.0, 1.0],
                [0.182296, 0.940113, 0.288011, 0.508413, -0.903963, 0.275479, -0.327055, 0.416998, -0.386812, -0.20073, 0.900048, -1.11654, 0.0, 0.0, 0.0, 1.0],
                [0.229918, 0.93208, 0.27993, 0.468699, -0.758188, 0.351883, -0.548937, 0.825684, -0.610158, -0.086029, 0.787597, -0.908568, 0.0, 0.0, 0.0, 1.0],
                [0.362916, 0.883051, 0.297509, 0.366913, -0.488479, 0.45218, -0.746272, 1.260103, -0.793527, 0.125507, 0.595454, -0.47644, 0.0, 0.0, 0.0, 1.0],
                [0.527828, 0.790741, 0.310042, 0.23649, -0.183464, 0.462561, -0.867397, 1.498065, -0.829302, 0.400954, 0.389225, 0.081106, 0.0, 0.0, 0.0, 1.0],
                [0.679665, 0.678179, 0.279515, 0.149015, 0.046453, 0.340498, -0.939097, 1.497765, -0.732052, 0.651254, 0.199921, 0.620501, 0.0, 0.0, 0.0, 1.0],
                [0.797551, 0.205636, 0.567123, 0.115824, 0.160638, 0.833769, -0.528228, 1.371603, -0.581473, 0.512388, 0.63194, 1.078133, 0.0, 0.0, 0.0, 1.0],
                [0.86876, -0.220145, 0.443615, 0.096182, 0.189513, 0.975366, 0.112893, 1.201039, -0.457542, -0.014006, 0.889077, 1.389512, 0.0, 0.0, 0.0, 1.0],
                [0.892071, -0.432566, 0.13077, 0.096234, 0.188836, 0.619722, 0.761763, 1.128889, -0.410556, -0.654852, 0.634518, 1.523078, 0.0, 0.0, 0.0, 1.0],
                [0.891728, -0.389689, -0.230148, 0.111496, 0.188625, -0.142246, 0.971692, 1.146266, -0.411398, -0.909893, -0.053339, 1.56012, 0.0, 0.0, 0.0, 1.0],
                [0.891527, -0.104021, -0.440868, 0.130723, 0.18851, -0.799788, 0.569914, 1.152732, -0.411886, -0.591198, -0.693423, 1.602328, 0.0, 0.0, 0.0, 1.0],
                [0.891442, 0.236884, -0.386292, 0.153073, 0.188474, -0.969067, -0.159322, 1.150136, -0.412085, 0.06922, -0.908513, 1.64852, 0.0, 0.0, 0.0, 1.0],
                [0.891451, 0.437292, -0.118721, 0.177607, 0.188496, -0.596141, -0.780438, 1.140553, -0.412056, 0.673343, -0.613856, 1.697393, 0.0, 0.0, 0.0, 1.0],
                [0.891529, 0.405492, 0.201882, 0.203321, 0.188554, 0.073026, -0.979344, 1.126368, -0.41186, 0.911176, -0.011353, 1.747614, 0.0, 0.0, 0.0, 1.0],
                [0.891653, 0.181599, 0.414708, 0.22918, 0.18863, 0.683703, -0.704959, 1.11031, -0.411559, 0.706801, 0.57537, 1.79791, 0.0, 0.0, 0.0, 1.0],
                [0.891794, -0.11197, 0.438372, 0.254136, 0.188708, 0.972645, -0.135455, 1.095467, -0.411215, 0.203521, 0.888529, 1.847113, 0.0, 0.0, 0.0, 1.0],
                [0.89193, -0.347717, 0.289064, 0.277133, 0.188773, 0.867233, 0.460728, 1.085273, -0.410891, -0.356369, 0.839148, 1.894166, 0.0, 0.0, 0.0, 1.0],
                [0.892031, -0.449519, 0.047089, 0.297093, 0.188819, 0.465284, 0.864787, 1.083471, -0.41065, -0.762524, 0.499924, 1.938072, 0.0, 0.0, 0.0, 1.0],
                [0.892071, -0.407997, -0.194299, 0.312874, 0.188837, -0.054067, 0.980519, 1.094062, -0.410556, -0.911379, 0.028813, 1.977783, 0.0, 0.0, 0.0, 1.0],
                [0.892071, 0.232354, -0.387589, 0.366003, 0.188836, -0.970882, -0.147408, 1.166743, -0.410556, 0.058308, -0.909968, 2.126652, 0.0, 0.0, 0.0, 1.0],
                [0.892071, 0.412609, -0.184304, 0.419131, 0.188836, -0.710885, -0.677481, 1.239424, -0.410556, 0.569558, -0.712072, 2.275521, 0.0, 0.0, 0.0, 1.0],
                [0.892071, 0.412609, -0.184304, 0.419131, 0.188836, -0.710885, -0.677481, 1.239424, -0.410556, 0.569558, -0.712072, 2.275521, 0.0, 0.0, 0.0, 1.0],
                [0.963756, 0.234496, 0.127243, 0.009449, 0.230433, -0.491255, -0.839981, 0.411326, -0.134464, 0.838854, -0.527485, 0.313532, 0.0, 0.0, 0.0, 1.0],
                [1.000003, 0.0, 0.0, 0.0, -0.0, -0.999834, 0.018122, 0.272858, 0.0, -0.018122, -0.999835, 0.0, 0.0, 0.0, 0.0, 1.0],
                [0.896043, -0.0, -0.443971, 0.0, -0.183099, -0.910997, -0.369538, 0.272858, -0.404457, 0.412412, -0.816291, 0.0, 0.0, 0.0, 0.0, 1.0],
                [0.896043, -0.0, -0.443971, -0.0, -0.183099, -0.910997, -0.369538, 0.272858, -0.404457, 0.412412, -0.816291, -0.0, 0.0, 0.0, 0.0, 1.0],
                [0.896043, -0.0, -0.443971, -0.0, -0.183099, -0.910997, -0.369538, 0.272858, -0.404457, 0.412412, -0.816291, -0.0, 0.0, 0.0, 0.0, 1.0]
            ]
        },
        {
            "name": "Elbow_R",
            "time": [0.0, 0.1333, 0.2667, 0.3667, 0.5, 0.6667, 0.8667, 0.9833, 1.1, 1.2333, 1.35, 1.4833],
            "transform": [
                [-1.0, 0.0, -0.0, -0.0, 0.0, 0.0, -1.0, 0.3, -0.0, -1.0, -0.0, -0.0, 0.0, 0.0, 0.0, 1.0],
                [-1.0, 0.0, -0.0, 0.0, 0.0, 0.0, -1.0, 0.3, -0.0, -1.0, -0.0, 0.0, 0.0, 0.0, 0.0, 1.0],
                [-1.0, 0.0, -0.0, -0.0, 0.0, -0.0, -1.0, 0.3, -0.0, -1.0, -0.0, -0.0, 0.0, 0.0, 0.0, 1.0],
                [-1.0, 0.0, -0.0, 0.0, 0.0, 0.0, -1.0, 0.3, -0.0, -1.0, -0.0, 0.0, 0.0, 0.0, 0.0, 1.0],
                [-1.0, 0.0, -0.0, 0.0, 0.0, 0.0, -1.0, 0.3, -0.0, -1.0, -0.0, -0.0, 0.0, 0.0, 0.0, 1.0],
                [-1.0, 0.0, -0.0, 0.0, 0.0, 0.0, -1.0, 0.3, -0.0, -1.0, -0.0, 0.0, 0.0, 0.0, 0.0, 1.0],
                [-1.0, 0.0, -0.0, 0.0, 0.0, 0.0, -1.0, 0.3, -0.0, -1.0, -0.0, 0.0, 0.0, 0.0, 0.0, 1.0],
                [-1.0, 0.0, -0.0, 0.0, 0.0, 0.0, -1.0, 0.3, -0.0, -1.0, -0.0, -0.0, 0.0, 0.0, 0.0, 1.0],
                [-1.0, 0.0, -0.0, 0.0, 0.0, 0.0, -1.0, 0.3, -0.0, -1.0, -0.0, -0.0, 0.0, 0.0, 0.0, 1.0],
                [-1.0, 0.0, -0.0, 0.0, 0.0, 0.0, -1.0, 0.3, -0.0, -1.0, -0.0, 0.0, 0.0, 0.0, 0.0, 1.0],
                [-1.0, 0.0, -0.0, 0.0, 0.0, 0.0, -1.0, 0.3, -0.0, -1.0, -0.0, 0.0, 0.0, 0.0, 0.0, 1.0],
                [-1.0, 0.0, -0.0, 0.0, 0.0, 0.0, -1.0, 0.3, -0.0, -1.0, -0.0, 0.0, 0.0, 0.0, 0.0, 1.0]
            ]
        },
        {
            "name": "Shoulder_L",
            "time": [0.0, 0.1333, 0.2667, 0.3667, 0.5, 0.6667, 0.8667, 0.9833, 1.1, 1.2333, 1.35, 1.4833],
            "transform": [
                [-0.0, -0.91596, -0.401269, 0.0, 0.0, -0.401269, 0.91596, 0.4, -1.0, 0.0, 0.0, -0.0, 0.0, 0.0, 0.0, 1.0],
                [-0.131251, -0.943024, -0.305743, -0.0, -0.042147, -0.302825, 0.952114, 0.4, -0.990453, 0.137852, 0.0, 0.0, 0.0, 0.0, 0.0, 1.0],
                [-0.131251, -0.943024, -0.305743, 0.0, -0.042147, -0.302824, 0.952114, 0.4, -0.990453, 0.137852, 0.0, -0.0, 0.0, 0.0, 0.0, 1.0],
                [-0.131251, -0.943024, -0.305743, 0.0, -0.042147, -0.302824, 0.952114, 0.4, -0.990453, 0.137852, 0.0, 0.0, 0.0, 0.0, 0.0, 1.0],
                [-0.131251, -0.943024, -0.305744, -0.0, -0.042147, -0.302825, 0.952114, 0.4, -0.990453, 0.137852, 0.0, -0.0, 0.0, 0.0, 0.0, 1.0],
                [-0.131251, -0.943024, -0.305743, -0.0, -0.042147, -0.302824, 0.952114, 0.4, -0.990453, 0.137852, 0.0, -0.0, 0.0, 0.0, 0.0, 1.0],
                [-0.131251, -0.943024, -0.305743, -0.0, -0.042147, -0.302824, 0.952114, 0.4, -0.990453, 0.137852, 0.0, -0.0, 0.0, 0.0, 0.0, 1.0],
                [-0.131251, -0.943024, -0.305743, 0.0, -0.042147, -0.302824, 0.952114, 0.4, -0.990453, 0.137852, 0.0, 0.0, 0.0, 0.0, 0.0, 1.0],
                [-0.131251, -0.943024, -0.305743, -0.0, -0.042147, -0.302824, 0.952114, 0.4, -0.990453, 0.137852, 0.0, -0.0, 0.0, 0.0, 0.0, 1.0],
                [-0.131251, -0.943024, -0.305743, -0.0, -0.042147, -0.302824, 0.952114, 0.4, -0.990453, 0.137852, 0.0, -0.0, 0.0, 0.0, 0.0, 1.0],
                [-0.0, -0.952114, -0.305743, -0.0, 0.0, -0.305743, 0.952114, 0.4, -1.0, -0.0, 0.0, 0.0, 0.0, 0.0, 0.0, 1.0],
                [-0.0, -0.952114, -0.305743, -0.0, 0.0, -0.305743, 0.952114, 0.4, -1.0, -0.0, 0.0, 0.0, 0.0, 0.0, 0.0, 1.0]
            ]
        },
        {
            "name": "Arm_L",
            "time": [0.0, 0.1333, 0.2667, 0.3667, 0.5, 0.6667, 0.8667, 0.9833, 1.1, 1.2333, 1.35, 1.4833],
            "transform": [
                [0.324487, -0.207854, 0.92277, -0.0, -0.411691, 0.847273, 0.335617, 0.39386, -0.851598, -0.4888, 0.189357, 0.0, 0.0, 0.0, 0.0, 1.0],
                [0.407283, -0.243242, 0.880314, -0.0, -0.390447, 0.824985, 0.408597, 0.39386, -0.825634, -0.510131, 0.241029, -0.0, 0.0, 0.0, 0.0, 1.0],
                [0.359399, -0.101743, 0.927621, -0.0, -0.56408, 0.768194, 0.302805, 0.39386, -0.743401, -0.632081, 0.218697, 0.0, 0.0, 0.0, 0.0, 1.0],
                [0.359399, -0.101743, 0.927621, 0.0, -0.56408, 0.768194, 0.302806, 0.39386, -0.743401, -0.632081, 0.218697, -0.0, 0.0, 0.0, 0.0, 1.0],
                [0.3594, 0.445223, 0.820127, 0.0, -0.56408, 0.803765, -0.189146, 0.39386, -0.743402, -0.394638, 0.540014, 0.0, 0.0, 0.0, 0.0, 1.0],
                [0.3594, 0.445223, 0.820127, -0.0, -0.56408, 0.803765, -0.189146, 0.39386, -0.743402, -0.394638, 0.540014, 0.0, 0.0, 0.0, 0.0, 1.0],
                [0.3594, 0.445223, 0.820127, -0.0, -0.56408, 0.803765, -0.189146, 0.39386, -0.743402, -0.394638, 0.540014, 0.0, 0.0, 0.0, 0.0, 1.0],
                [0.184825, 0.172159, 0.967575, 0.0, -0.709808, 0.70432, 0.010268, 0.39386, -0.679715, -0.68869, 0.252376, 0.0, 0.0, 0.0, 0.0, 1.0],
                [0.063224, -0.162007, 0.984762, 0.0, -0.845777, 0.515101, 0.139042, 0.39386, -0.529778, -0.84168, -0.104455, 0.0, 0.0, 0.0, 0.0, 1.0],
                [0.063224, -0.162007, 0.984762, -0.0, -0.845777, 0.515101, 0.139042, 0.39386, -0.529778, -0.84168, -0.104455, -0.0, 0.0, 0.0, 0.0, 1.0],
                [0.153053, 0.081962, 0.984813, 0.0, -0.727532, 0.683772, 0.056161, 0.39386, -0.668784, -0.725078, 0.164283, 0.0, 0.0, 0.0, 0.0, 1.0],
                [0.153053, 0.081962, 0.984813, 0.0, -0.727532, 0.683772, 0.056161, 0.39386, -0.668784, -0.725078, 0.164283, 0.0, 0.0, 0.0, 0.0, 1.0]
            ]
        },
        {
            "name": "Hand_L",
            "time": [0.0, 0.1333, 0.2667, 0.3667, 0.5, 0.6667, 0.8667, 0.9833, 1.1, 1.2333, 1.35, 1.4833],
            "transform": [
                [0.957913, 1e-06, -0.28706, -0.0, -0.029175, 0.994822, -0.097355, 0.3, 0.285574, 0.101633, 0.952953, -0.0, 0.0, 0.0, 0.0, 1.0],
                [1.0, 0.0, 0.0, 0.0, -0.0, 0.940688, -0.339273, 0.3, -0.0, 0.339273, 0.940688, -0.0, 0.0, 0.0, 0.0, 1.0],
                [1.0, 0.0, -0.0, 0.0, -0.0, 0.940688, -0.339273, 0.3, -0.0, 0.339273, 0.940688, -0.0, 0.0, 0.0, 0.0, 1.0],
                [1.0, 0.0, 0.0, 0.0, -0.0, 0.940688, -0.339273, 0.3, -0.0, 0.339273, 0.940688, 0.0, 0.0, 0.0, 0.0, 1.0],
                [1.0, 0.0, -0.0, -0.0, -0.0, 0.940688, -0.339273, 0.3, -0.0, 0.339273, 0.940688, 0.0, 0.0, 0.0, 0.0, 1.0],
                [1.0, 0.0, -0.0, -0.0, -0.0, 0.940688, -0.339273, 0.3, -0.0, 0.339273, 0.940688, -0.0, 0.0, 0.0, 0.0, 1.0],
                [1.0, 0.0, -0.0, -0.0, -0.0, 0.940688, -0.339273, 0.3, -0.0, 0.339273, 0.940688, -0.0, 0.0, 0.0, 0.0, 1.0],
                [1.0, 0.0, -0.0, 0.0, -0.0, 0.79186, -0.610703, 0.3, -0.0, 0.610703, 0.79186, -0.0, 0.0, 0.0, 0.0, 1.0],
                [1.0, 0.0, -0.0, -0.0, -0.0, 0.567153, -0.823613, 0.3, -0.0, 0.823613, 0.567153, -0.0, 0.0, 0.0, 0.0, 1.0],
                [1.0, 0.0, -0.0, 0.0, -0.0, 0.567153, -0.823613, 0.3, -0.0, 0.823613, 0.567153, -0.0, 0.0, 0.0, 0.0, 1.0],
                [1.0, -0.0, 0.0, -0.0, 0.0, 0.954479, -0.298278, 0.3, -0.0, 0.298278, 0.954479, 0.0, 0.0, 0.0, 0.0, 1.0],
                [1.0, -0.0, 0.0, -0.0, 0.0, 0.954479, -0.298278, 0.3, -0.0, 0.298278, 0.954479, 0.0, 0.0, 0.0, 0.0, 1.0]
            ]
        },
        {
            "name": "Tool_L",
            "time": [0.0, 0.1333, 0.2667, 0.3667, 0.5, 0.6667, 0.8667, 0.9833, 1.1, 1.2333, 1.35, 1.4833],
