{
    "animation": [
        {
            "name": "Root",
            "time": [0.0, 0.3, 0.3667, 0.4333, 0.4833, 0.5667, 0.6, 0.6833, 0.75, 0.7833, 0.8833, 1.0167, 1.2, 1.3, 1.3667, 1.4333, 1.5167, 1.5667, 1.65, 1.75, 1.8167, 1.8833, 1.9667, 2.1167, 2.1833, 2.2167, 2.2667, 2.45, 2.5667, 2.75, 2.95, 3.0833, 3.1333, 3.1833, 3.25, 3.3167, 3.4, 3.55, 3.9, 4.0167, 4.05, 4.1, 4.25, 4.3667, 4.6, 4.75, 4.9167, 4.9833, 5.1833, 5.2667, 5.2833, 5.5167],
            "transform": [
                [-0.095863, 0.0, -0.995395, 0.020938, -0.995395, 0.0, 0.095863, 0.000946, 0.0, 1.0, 0.0, 0.64399, 0.0, 0.0, 0.0, 1.0],
                [-0.095863, 0.0, -0.995395, 0.020938, -0.995395, 0.0, 0.095863, 0.000946, 0.0, 1.0, 0.0, 0.64399, 0.0, 0.0, 0.0, 1.0],
                [0.003791, 0.0, -0.999993, 0.020353, -0.999993, 0.0, -0.003791, 0.016245, 0.0, 1.0, 0.0, 0.641994, 0.0, 0.0, 0.0, 1.0],
                [0.200604, 0.0, -0.979672, 0.01626, -0.979672, 0.0, -0.200604, 0.000946, 0.0, 1.0, 0.0, 0.628018, 0.0, 0.0, 0.0, 1.0],
                [0.380285, 0.077999, -0.921575, -0.057567, -0.924798, 0.01965, -0.379952, 1.174958, -0.011527, 0.99676, 0.079606, 0.587701, 0.0, 0.0, 0.0, 1.0],
                [1.0, 0.0, 0.0, -0.007136, 0.0, 0.0, -1.0, 2.163729, 0.0, 1.0, 0.0, 0.579901, 0.0, 0.0, 0.0, 1.0],
                [0.80105, 0.020128, 0.59826, -0.031116, 0.596029, 0.065679, -0.800272, 2.454058, -0.055401, 0.997638, 0.040615, 0.610549, 0.0, 0.0, 0.0, 1.0],
                [0.745833, 0.014305, 0.665979, -0.031116, 0.663825, 0.067188, -0.744864, 2.470387, -0.055401, 0.997638, 0.040615, 0.610549, 0.0, 0.0, 0.0, 1.0],
                [0.700237, 0.014305, 0.713767, -0.031116, 0.711553, 0.067188, -0.699412, 2.528191, -0.057961, 0.997638, 0.036869, 0.575763, 0.0, 0.0, 0.0, 1.0],
                [0.745833, 0.014305, 0.665979, -0.031116, 0.663825, 0.067188, -0.744864, 2.541464, -0.055401, 0.997638, 0.040615, 0.564685, 0.0, 0.0, 0.0, 1.0],
                [0.745833, 0.014305, 0.665979, 0.087563, 0.663825, 0.067188, -0.744864, 2.255536, -0.055401, 0.997638, 0.040615, 0.564685, 0.0, 0.0, 0.0, 1.0],
                [0.394858, -0.010541, -0.918682, 0.773061, -0.903321, 0.177985, -0.390298, 0.428546, 0.167626, 0.983977, 0.060757, 0.553631, 0.0, 0.0, 0.0, 1.0],
                [0.352726, -0.010541, -0.935667, 0.771806, -0.920115, 0.177985, -0.348868, 0.380809, 0.170212, 0.983977, 0.053081, 0.553631, 0.0, 0.0, 0.0, 1.0],
                [0.762304, -0.079936, -0.642263, 0.753182, -0.49688, 0.563603, -0.659895, 0.652458, 0.414731, 0.822169, 0.389918, 0.552797, 0.0, 0.0, 0.0, 1.0],
                [0.927546, -0.112637, -0.35633, 0.748843, -0.276343, 0.435168, -0.856892, 2.485369, 0.251581, 0.893276, 0.372512, 0.554396, 0.0, 0.0, 0.0, 1.0],
                [0.898526, 1e-06, 0.43892, -0.476756, 0.419622, 0.293263, -0.85902, 3.41306, -0.128719, 0.956032, 0.263504, 0.591619, 0.0, 0.0, 0.0, 1.0],
                [0.565225, 0.002776, -0.824932, -4.018156, -0.824937, 0.002632, -0.565219, 3.716192, 0.000602, 0.999993, 0.003777, 0.553508, 0.0, 0.0, 0.0, 1.0],
                [0.565225, 0.002776, -0.824932, -4.062698, -0.824937, 0.002632, -0.565219, 3.732006, 0.000602, 0.999993, 0.003777, 0.553508, 0.0, 0.0, 0.0, 1.0],
                [0.541556, 0.1245, -0.831394, -3.985793, -0.83953, 0.028727, -0.542554, 3.74849, -0.043665, 0.991804, 0.120078, 0.547091, 0.0, 0.0, 0.0, 1.0],
                [0.766616, 0.219336, -0.603483, -1.51746, -0.611301, -0.038307, -0.79047, 3.610777, -0.196496, 0.974897, 0.104714, 0.547091, 0.0, 0.0, 0.0, 1.0],
                [0.925088, 0.258701, -0.278002, 1.106216, -0.290801, 0.011785, -0.956711, 3.455861, -0.244226, 0.965886, 0.086133, 0.547091, 0.0, 0.0, 0.0, 1.0],
                [0.41877, 0.118147, -0.900374, 2.638554, -0.905531, -0.020092, -0.423805, 2.979223, -0.068161, 0.992793, 0.098572, 0.596705, 0.0, 0.0, 0.0, 1.0],
                [-0.975929, 0.0, 0.218088, 2.963185, 0.218088, 0.0, 0.975929, 2.854675, 0.0, 1.0, 0.0, 0.575866, 0.0, 0.0, 0.0, 1.0],
                [0.990159, 0.018502, 0.138721, 2.135356, 0.136299, 0.097406, -0.985868, 2.995801, -0.031753, 0.995073, 0.093925, 0.506042, 0.0, 0.0, 0.0, 1.0],
                [0.990159, 0.018502, 0.138721, 2.135356, 0.136299, 0.097406, -0.985868, 3.004444, -0.031753, 0.995073, 0.093925, 0.42762, 0.0, 0.0, 0.0, 1.0],
                [0.914158, 0.042054, 0.403171, 1.533615, 0.404702, -0.038102, -0.913655, 3.876563, -0.023061, 0.998389, -0.051851, 0.52958, 0.0, 0.0, 0.0, 1.0],
                [0.910718, 0.008483, 0.41294, -1.980235, 0.399846, 0.232461, -0.886614, 4.853309, -0.103514, 0.972569, 0.208315, 1.510688, 0.0, 0.0, 0.0, 1.0],
                [0.9958, 0.009091, 0.091107, -2.932502, 0.08655, 0.231156, -0.969059, 4.102439, -0.02987, 0.972874, 0.229398, 1.85139, 0.0, 0.0, 0.0, 1.0],
                [0.994998, -0.008719, -0.099515, -2.037586, -0.097149, 0.147588, -0.984266, 2.272708, 0.023269, 0.98901, 0.146003, 2.14673, 0.0, 0.0, 0.0, 1.0],
                [0.679497, -0.205229, -0.704389, -0.930533, -0.731007, -0.10754, -0.673842, 0.981095, 0.062542, 0.972788, -0.223097, 3.230401, 0.0, 0.0, 0.0, 1.0],
                [0.623784, -0.233939, -0.745765, -0.519456, -0.779923, -0.123897, -0.61349, 0.690413, 0.051121, 0.964325, -0.259739, 3.633832, 0.0, 0.0, 0.0, 1.0],
                [0.700115, -0.23337, -0.674817, -0.536483, -0.709708, -0.1236, -0.693569, 0.696147, 0.07845, 0.964501, -0.252158, 3.617011, 0.0, 0.0, 0.0, 1.0],
                [0.875761, -0.23337, -0.422588, -1.0986, -0.457779, -0.1236, -0.880433, 2.623722, 0.153234, 0.964501, -0.215076, 2.25168, 0.0, 0.0, 0.0, 1.0],
                [0.767454, -0.23337, -0.59712, -0.745785, -0.632507, -0.1236, -0.764629, 3.586272, 0.104637, 0.964501, -0.242465, 1.419214, 0.0, 0.0, 0.0, 1.0],
                [0.417511, -0.243266, -0.875503, 0.226001, -0.905927, -0.036605, -0.421848, 3.892697, 0.070573, 0.969269, -0.235665, 0.786682, 0.0, 0.0, 0.0, 1.0],
                [0.624902, -0.139222, -0.768189, 1.98716, -0.779011, -0.046451, -0.625287, 3.116735, 0.051371, 0.989171, -0.137483, 0.499058, 0.0, 0.0, 0.0, 1.0],
                [0.315682, 0.014374, -0.948756, 2.257376, -0.937769, 0.157193, -0.309645, 2.451577, 0.144687, 0.987463, 0.063103, 0.503045, 0.0, 0.0, 0.0, 1.0],
                [0.363055, 0.014374, -0.931657, 2.246135, -0.920988, 0.157193, -0.356472, 2.38472, 0.141326, 0.987463, 0.070308, 0.50023, 0.0, 0.0, 0.0, 1.0],
                [0.363055, 0.014374, -0.931657, 2.239638, -0.920988, 0.157193, -0.356472, 2.335901, 0.141326, 0.987463, 0.070308, 0.375666, 0.0, 0.0, 0.0, 1.0],
                [0.971192, -0.028411, 0.236598, 1.05621, 0.237993, 0.065432, -0.96906, 5.055318, 0.012051, 0.997452, 0.070308, 0.50672, 0.0, 0.0, 0.0, 1.0],
                [0.7508, 0.014374, 0.660373, -0.024021, 0.650532, 0.157192, -0.743034, 5.504694, -0.114486, 0.987463, 0.108669, 0.542432, 0.0, 0.0, 0.0, 1.0],
                [-0.075609, -0.117732, 0.990163, -1.175827, 0.990543, 0.105143, 0.08814, 5.137177, -0.114486, 0.987463, 0.108669, 0.542432, 0.0, 0.0, 0.0, 1.0],
                [-0.927272, -0.023832, -0.373629, -3.057929, -0.374167, 0.024645, 0.927034, 3.600906, -0.012885, 0.999412, -0.03177, 0.726178, 0.0, 0.0, 0.0, 1.0],
                [-0.844155, -0.023832, -0.535569, -3.122313, -0.536054, 0.024645, 0.843823, 3.617494, -0.006911, 0.999412, -0.03358, 0.724488, 0.0, 0.0, 0.0, 1.0],
                [-0.897628, -0.016097, -0.440459, -3.122313, -0.440705, 0.018077, 0.897469, 3.617494, -0.006484, 0.999707, -0.023321, 0.724488, 0.0, 0.0, 0.0, 1.0],
                [-0.883961, -0.023832, -0.466952, -3.122313, -0.467463, 0.024645, 0.883669, 3.617494, -0.009551, 0.999412, -0.032926, 0.724488, 0.0, 0.0, 0.0, 1.0],
                [-0.883961, -0.023832, -0.466952, -3.122313, -0.467463, 0.024645, 0.883669, 3.617494, -0.009551, 0.999412, -0.032926, 0.724488, 0.0, 0.0, 0.0, 1.0],
                [-0.962328, -0.023832, -0.270846, -3.122313, -0.271406, 0.024645, 0.96215, 3.617494, -0.016255, 0.999412, -0.030185, 0.724488, 0.0, 0.0, 0.0, 1.0],
                [-0.967024, -0.023832, -0.253567, -3.122313, -0.25413, 0.024645, 0.966856, 3.617494, -0.016793, 0.999412, -0.029889, 0.724488, 0.0, 0.0, 0.0, 1.0],
                [-0.966081, -0.023832, -0.257136, -3.122313, -0.257699, 0.024645, 0.965911, 3.617494, -0.016682, 0.999412, -0.029951, 0.724488, 0.0, 0.0, 0.0, 1.0],
                [-0.976025, -0.015091, -0.217135, -3.122313, -0.217323, 0.012197, 0.976024, 3.617494, -0.012081, 0.999812, -0.015184, 0.724488, 0.0, 0.0, 0.0, 1.0],
                [-0.976025, -0.015091, -0.217135, -3.122313, -0.217323, 0.012197, 0.976024, 3.617494, -0.012081, 0.999812, -0.015184, 0.724488, 0.0, 0.0, 0.0, 1.0]
            ]
        },
        {
            "name": "Thigh_R",
            "time": [0.0, 0.3, 0.3667, 0.4333, 0.4833, 0.5333, 0.5667, 0.6, 0.6833, 0.75, 0.7833, 0.8833, 1.0167, 1.2, 1.3, 1.3667, 1.4333, 1.5167, 1.5667, 1.65, 1.75, 1.8167, 1.8833, 1.9667, 2.1167, 2.1833, 2.2167, 2.2667, 2.45, 2.5667, 2.75, 2.95, 3.0833, 3.1333, 3.1833, 3.25, 3.3167, 3.4, 3.55, 3.9, 4.0167, 4.05, 4.1, 4.25, 4.3667, 4.6, 4.75, 4.9167, 4.9833, 5.1833, 5.2667, 5.2833, 5.5167],
            "transform": [
                [0.948916, 0.303798, 0.085232, 0.124994, 0.315521, -0.915435, -0.249848, -0.002831, 0.002121, 0.263977, -0.964527, -1.2e-05, 0.0, 0.0, 0.0, 1.0],
                [0.948916, 0.303798, 0.085232, 0.124994, 0.315521, -0.915435, -0.249848, -0.002831, 0.002121, 0.263977, -0.964526, -1.2e-05, 0.0, 0.0, 0.0, 1.0],
                [0.95658, 0.270183, 0.109339, 0.124994, 0.291457, -0.889998, -0.350649, -0.002831, 0.002572, 0.367291, -0.930102, -1.2e-05, 0.0, 0.0, 0.0, 1.0],
                [0.983323, 0.153862, 0.096963, 0.124994, 0.179657, -0.904643, -0.386449, -0.002831, 0.028257, 0.397424, -0.9172, -1.2e-05, 0.0, 0.0, 0.0, 1.0],
                [0.858662, 0.203305, 0.470495, 0.124994, 0.362803, -0.889508, -0.277758, -0.002831, 0.36204, 0.409197, -0.837547, -1.2e-05, 0.0, 0.0, 0.0, 1.0],
                [0.934178, -0.00292, 0.356795, 0.124994, 0.144174, -0.911608, -0.384945, -0.002831, 0.326382, 0.411048, -0.851184, -1.2e-05, 0.0, 0.0, 0.0, 1.0],
                [0.951358, 0.088365, 0.295143, 0.124994, 0.065748, -0.994147, 0.085715, -0.002831, 0.30099, -0.06214, -0.951601, -1.2e-05, 0.0, 0.0, 0.0, 1.0],
                [0.8174, 0.574893, -0.036808, 0.124994, 0.468425, -0.626111, 0.623348, -0.002831, 0.335313, -0.526766, -0.781078, -1.2e-05, 0.0, 0.0, 0.0, 1.0],
                [0.811736, 0.583366, -0.027731, 0.124994, 0.489151, -0.653162, 0.578022, -0.002831, 0.319086, -0.482766, -0.81555, -1.2e-05, 0.0, 0.0, 0.0, 1.0],
                [0.813968, 0.577363, -0.064095, 0.124994, 0.501398, -0.642549, 0.579422, -0.002831, 0.293353, -0.503768, -0.812503, -1.2e-05, 0.0, 0.0, 0.0, 1.0],
                [0.819134, 0.566847, -0.087778, 0.124994, 0.488489, -0.609158, 0.624742, -0.002831, 0.300662, -0.554627, -0.775882, -1.2e-05, 0.0, 0.0, 0.0, 1.0],
                [0.933651, 0.286287, 0.21526, 0.124994, 0.246448, -0.949551, 0.193943, -0.002831, 0.259924, -0.128025, -0.957105, -1.2e-05, 0.0, 0.0, 0.0, 1.0],
                [0.946783, 0.302955, 0.108722, 0.124994, 0.076502, -0.539901, 0.838244, -0.00283, 0.31265, -0.785318, -0.534347, -1.2e-05, 0.0, 0.0, 0.0, 1.0],
                [0.952082, 0.281716, 0.11906, 0.124994, 0.054537, -0.539428, 0.840263, -0.002831, 0.30094, -0.793507, -0.528944, -1.2e-05, 0.0, 0.0, 0.0, 1.0],
                [0.994708, 0.102467, -0.00759, 0.124994, 0.102701, -0.989302, 0.103597, -0.002831, 0.003106, -0.103828, -0.994591, -1.2e-05, 0.0, 0.0, 0.0, 1.0],
                [0.948798, 0.211754, 0.234402, 0.124994, 0.218151, -0.975913, -0.001402, -0.002831, 0.228459, 0.052466, -0.972139, -1.2e-05, 0.0, 0.0, 0.0, 1.0],
                [0.769803, 0.635712, -0.057218, 0.124994, 0.476391, -0.512579, 0.714361, -0.002831, 0.4248, -0.577176, -0.697433, -1.2e-05, 0.0, 0.0, 0.0, 1.0],
                [0.765362, 0.640901, -0.058885, 0.124993, 0.621108, -0.711539, 0.328535, -0.002831, 0.16866, -0.288022, -0.942654, -1e-05, 0.0, 0.0, 0.0, 1.0],
                [0.765361, 0.640902, -0.058884, 0.124993, 0.621109, -0.711539, 0.328534, -0.002831, 0.168661, -0.288021, -0.942655, -1.1e-05, 0.0, 0.0, 0.0, 1.0],
                [0.756322, 0.647417, -0.093956, 0.124993, 0.631017, -0.684063, 0.365887, -0.002831, 0.17261, -0.336016, -0.925904, -1.2e-05, 0.0, 0.0, 0.0, 1.0],
                [0.993396, -0.101293, 0.053901, 0.124994, -0.114713, -0.866343, 0.486094, -0.00283, -0.002541, -0.489067, -0.872242, -1.2e-05, 0.0, 0.0, 0.0, 1.0],
                [0.572035, 0.717612, -0.397251, 0.124994, 0.749916, -0.261376, 0.607706, -0.002831, 0.332266, -0.645535, -0.687666, -1.2e-05, 0.0, 0.0, 0.0, 1.0],
                [0.854891, 0.476156, -0.206003, 0.124994, 0.492561, -0.62022, 0.610498, -0.002831, 0.162925, -0.62338, -0.764757, -1.1e-05, 0.0, 0.0, 0.0, 1.0],
                [0.88939, 0.037446, -0.455615, 0.124994, 0.334685, -0.732231, 0.593146, -0.002831, -0.311404, -0.680026, -0.663772, -1.2e-05, 0.0, 0.0, 0.0, 1.0],
                [0.779673, 0.619271, -0.092811, 0.124993, 0.620272, -0.743452, 0.250077, -0.002831, 0.085865, -0.252547, -0.963768, -1.2e-05, 0.0, 0.0, 0.0, 1.0],
                [0.726943, 0.666173, -0.166636, 0.124993, 0.681969, -0.671931, 0.288832, -0.002831, 0.080444, -0.323606, -0.942766, -1.2e-05, 0.0, 0.0, 0.0, 1.0],
                [0.979437, 0.037675, -0.198203, 0.124993, -0.028184, -0.947227, -0.319321, -0.002831, -0.199774, 0.318342, -0.926688, -1.2e-05, 0.0, 0.0, 0.0, 1.0],
                [0.880787, 0.291885, 0.37285, 0.124994, 0.466535, -0.669612, -0.577895, -0.002831, 0.080987, 0.682951, -0.725961, -1.2e-05, 0.0, 0.0, 0.0, 1.0],
                [0.985477, -0.084722, -0.147162, 0.124994, 0.081791, -0.522655, 0.848611, -0.002831, -0.148811, -0.848324, -0.508136, -1.1e-05, 0.0, 0.0, 0.0, 1.0],
                [0.993476, -0.037236, -0.107794, 0.124994, 0.064042, -0.599935, 0.79748, -0.00283, -0.094365, -0.799182, -0.593637, -1.2e-05, 0.0, 0.0, 0.0, 1.0],
                [0.998517, -0.048373, 0.025002, 0.124994, -0.048013, -0.565563, 0.823306, -0.00283, -0.025685, -0.823285, -0.567046, -1.2e-05, 0.0, 0.0, 0.0, 1.0],
                [0.999998, 0.001028, 0.001947, 0.124994, -0.001063, -0.548697, 0.836019, -0.00283, 0.001928, -0.836021, -0.548696, -1.2e-05, 0.0, 0.0, 0.0, 1.0],
                [0.997217, -0.050875, 0.054499, 0.124994, -0.073525, -0.550048, 0.831889, -0.002832, -0.012346, -0.833581, -0.552259, -1.2e-05, 0.0, 0.0, 0.0, 1.0],
                [0.989839, -0.006248, 0.14206, 0.124994, -0.049176, -0.952431, 0.30076, -0.002831, 0.133423, -0.30469, -0.94306, -1.2e-05, 0.0, 0.0, 0.0, 1.0],
                [0.963622, 0.210223, -0.165048, 0.124994, 0.264054, -0.653272, 0.709584, -0.00283, 0.04135, -0.727352, -0.685018, -1.2e-05, 0.0, 0.0, 0.0, 1.0],
                [0.910583, 0.297674, 0.286757, 0.124993, 0.401028, -0.804262, -0.438563, -0.002831, 0.100079, 0.514346, -0.851723, -1.2e-05, 0.0, 0.0, 0.0, 1.0],
                [0.887952, 0.380579, -0.258268, 0.124994, 0.451143, -0.611409, 0.650113, -0.002831, 0.089512, -0.693786, -0.714598, -1.1e-05, 0.0, 0.0, 0.0, 1.0],
                [0.953663, 0.178312, -0.242349, 0.124993, 0.299264, -0.478801, 0.825341, -0.002831, 0.031131, -0.859624, -0.509978, -1.2e-05, 0.0, 0.0, 0.0, 1.0],
                [0.893704, -0.015143, -0.448402, 0.124994, 0.391193, -0.463068, 0.79532, -0.002831, -0.219684, -0.886194, -0.407922, -1.2e-05, 0.0, 0.0, 0.0, 1.0],
                [0.852974, 0.369316, -0.368837, 0.124993, 0.483712, -0.293815, 0.824436, -0.002831, 0.196107, -0.881634, -0.42926, -1.2e-05, 0.0, 0.0, 0.0, 1.0],
                [0.986181, 0.158861, 0.047034, 0.124994, 0.16069, -0.848014, -0.505024, -0.002831, -0.040343, 0.505603, -0.861823, -1.3e-05, 0.0, 0.0, 0.0, 1.0],
                [0.776463, 0.502203, -0.380654, 0.124994, 0.594559, -0.383667, 0.706611, -0.00283, 0.208817, -0.774979, -0.596493, -1.2e-05, 0.0, 0.0, 0.0, 1.0],
                [0.884628, 0.464358, 0.042483, 0.124993, 0.436447, -0.856627, 0.275141, -0.002831, 0.164157, -0.224855, -0.960465, -1.1e-05, 0.0, 0.0, 0.0, 1.0],
                [0.950174, 0.243002, 0.195245, 0.124993, 0.261738, -0.962116, -0.076314, -0.002831, 0.169305, 0.123614, -0.977781, -1.2e-05, 0.0, 0.0, 0.0, 1.0],
                [0.969379, 0.179744, 0.16732, 0.124993, 0.177465, -0.983711, 0.028599, -0.002831, 0.169735, 0.00197, -0.985488, -1.2e-05, 0.0, 0.0, 0.0, 1.0],
                [0.970041, 0.188887, 0.152788, 0.124994, 0.177753, -0.980514, 0.083637, -0.002831, 0.165609, -0.053973, -0.984713, -1.1e-05, 0.0, 0.0, 0.0, 1.0],
                [0.968888, 0.190676, 0.157797, 0.124994, 0.182258, -0.98101, 0.066337, -0.002831, 0.16745, -0.035513, -0.985241, -1.2e-05, 0.0, 0.0, 0.0, 1.0],
                [0.968888, 0.190676, 0.157797, 0.124994, 0.182258, -0.98101, 0.066337, -0.002831, 0.16745, -0.035513, -0.985241, -1.2e-05, 0.0, 0.0, 0.0, 1.0],
                [0.969582, 0.205934, 0.132294, 0.124993, 0.18516, -0.970593, 0.153829, -0.002831, 0.160083, -0.124655, -0.979201, -1.2e-05, 0.0, 0.0, 0.0, 1.0],
                [0.969774, 0.206338, 0.130242, 0.124993, 0.184756, -0.969602, 0.160427, -0.00283, 0.159385, -0.131515, -0.978417, -1.2e-05, 0.0, 0.0, 0.0, 1.0],
                [0.969733, 0.206266, 0.130663, 0.124993, 0.184848, -0.969807, 0.159077, -0.002831, 0.15953, -0.13011, -0.978582, -1.2e-05, 0.0, 0.0, 0.0, 1.0],
                [0.972033, 0.199472, 0.123948, 0.124993, 0.175584, -0.967776, 0.180491, -0.002831, 0.155957, -0.15368, -0.975736, -1.1e-05, 0.0, 0.0, 0.0, 1.0],
                [0.972033, 0.199472, 0.123948, 0.124993, 0.175584, -0.967776, 0.180491, -0.002831, 0.155957, -0.15368, -0.975736, -1.1e-05, 0.0, 0.0, 0.0, 1.0]
            ]
        },
        {
            "name": "Leg_R",
            "time": [0.0, 0.3, 0.7833, 0.8833, 1.0167, 1.2, 0.3667, 0.4333, 0.4833, 0.5333, 0.5667, 0.6, 0.6833, 0.75, 1.3, 1.3667, 1.4333, 1.5167, 1.5667, 1.65, 1.75, 1.8167, 1.8833, 1.9667, 2.1167, 2.1833, 2.2167, 2.2667, 2.45, 2.5667, 2.75, 2.95, 3.0833, 3.1333, 3.1833, 3.25, 3.3167, 3.4, 3.55, 3.9, 4.0167, 4.05, 4.1, 4.25, 4.3667, 4.6, 4.75, 4.9167, 4.9833, 5.1833, 5.2667, 5.2833, 5.5167],
            "transform": [
                [1.0, 0.000154, -1e-05, 0.0, -0.00014, 0.933264, 0.35919, 0.37472, 6.5e-05, -0.35919, 0.933265, 0.0, 0.0, 0.0, 0.0, 1.0],
                [1.0, 0.000154, -1e-05, 0.0, -0.00014, 0.933264, 0.35919, 0.37472, 6.5e-05, -0.35919, 0.933264, -0.0, 0.0, 0.0, 0.0, 1.0],
                [1.0, 0.000139, -2.9e-05, 0.0, -0.000128, 0.972852, 0.231431, 0.37472, 6.1e-05, -0.231431, 0.972852, 0.0, 0.0, 0.0, 0.0, 1.0],
                [1.0, 8.2e-05, -1e-05, 0.0, -7.4e-05, 0.947097, 0.320946, 0.37472, 3.6e-05, -0.320946, 0.947098, 0.0, 0.0, 0.0, 0.0, 1.0],
                [1.0, 0.000195, -1.5e-05, -0.0, -0.000176, 0.930868, 0.365355, 0.37472, 8.5e-05, -0.365356, 0.930868, 0.0, 0.0, 0.0, 0.0, 1.0],
                [1.0, 6.3e-05, -0.0, -0.0, -5.6e-05, 0.884166, 0.467174, 0.37472, 3e-05, -0.467174, 0.884166, -0.0, 0.0, 0.0, 0.0, 1.0],
                [1.0, 9e-06, 7e-06, 0.0, -1e-05, 0.44063, 0.89769, 0.37472, 4e-06, -0.897689, 0.440629, 0.0, 0.0, 0.0, 0.0, 1.0],
                [1.0, 0.000202, 0.000113, 0.0, -0.00022, 0.674494, 0.738281, 0.37472, 7.3e-05, -0.73828, 0.674494, -0.0, 0.0, 0.0, 0.0, 1.0],
                [1.0, 0.000207, 0.000125, -0.0, -0.000228, 0.638982, 0.769222, 0.37472, 8e-05, -0.769222, 0.638982, -0.0, 0.0, 0.0, 0.0, 1.0],
                [1.0, 0.000176, 0.000176, 0.0, -0.000232, 0.406014, 0.913867, 0.37472, 8.9e-05, -0.913867, 0.406014, 0.0, 0.0, 0.0, 0.0, 1.0],
                [1.0, 0.000159, 0.000182, -0.0, -0.000226, 0.345078, 0.938574, 0.37472, 8.6e-05, -0.938575, 0.345077, 0.0, 0.0, 0.0, 0.0, 1.0],
                [1.0, 8e-05, 7.1e-05, -0.0, -9.5e-05, 0.360012, 0.932948, 0.37472, 4.9e-05, -0.932948, 0.360013, -0.0, 0.0, 0.0, 0.0, 1.0],
                [1.0, 1.3e-05, 1.2e-05, 0.0, -1.7e-05, 0.581912, 0.813252, 0.37472, 4e-06, -0.813253, 0.581911, -0.0, 0.0, 0.0, 0.0, 1.0],
                [1.0, -1e-06, 1.2e-05, 0.0, -9e-06, 0.59439, 0.804177, 0.37472, -8e-06, -0.804178, 0.594389, 0.0, 0.0, 0.0, 0.0, 1.0],
                [1.0, -6.2e-05, 8.9e-05, -0.0, 5e-05, 0.99157, 0.129576, 0.37472, -9.7e-05, -0.129576, 0.991569, 0.0, 0.0, 0.0, 0.0, 1.0],
                [1.0, -4.5e-05, 4.2e-05, -0.0, -1e-06, 0.662125, 0.749394, 0.37472, -6.1e-05, -0.749394, 0.662124, 0.0, 0.0, 0.0, 0.0, 1.0],
                [1.0, 0.00015, 1.3e-05, 0.0, -7.8e-05, 0.440643, 0.897682, 0.37472, 0.000129, -0.897683, 0.440643, 0.0, 0.0, 0.0, 0.0, 1.0],
                [0.999999, 0.000236, -6.9e-05, -1e-06, -0.000113, 0.690067, 0.723745, 0.37472, 0.000218, -0.723746, 0.690066, 0.0, 0.0, 0.0, 0.0, 1.0],
                [0.999999, 0.000236, -6.9e-05, -0.0, -0.000113, 0.690069, 0.723743, 0.374719, 0.000218, -0.723743, 0.690069, -0.0, 0.0, 0.0, 0.0, 1.0],
                [1.0, 0.00025, -5.1e-05, 0.0, -0.000113, 0.612965, 0.79011, 0.37472, 0.000229, -0.790111, 0.612965, -0.0, 0.0, 0.0, 0.0, 1.0],
                [1.0, -0.000283, -1.1e-05, 1e-06, 1e-06, -0.035634, 0.999366, 0.37472, -0.000283, -0.999365, -0.035635, -0.0, 0.0, 0.0, 0.0, 1.0],
                [1.0, 0.000404, -7e-06, 0.0, -0.000156, 0.40214, 0.915579, 0.37472, 0.000372, -0.915579, 0.402139, -0.0, 0.0, 0.0, 0.0, 1.0],
                [1.0, 0.00015, 5e-06, 0.0, -7.7e-05, 0.487234, 0.873272, 0.37472, 0.000129, -0.873272, 0.487232, -0.0, 0.0, 0.0, 0.0, 1.0],
                [1.0, 3.7e-05, 2.1e-05, 0.0, -3e-05, 0.264974, 0.964256, 0.37472, 3e-05, -0.964256, 0.264973, 0.0, 0.0, 0.0, 0.0, 1.0],
                [1.0, 0.000136, 4e-06, 0.0, -6.9e-05, 0.481418, 0.876492, 0.37472, 0.000117, -0.876492, 0.481417, 0.0, 0.0, 0.0, 0.0, 1.0],
                [1.0, 0.000184, 2.9e-05, -0.0, -7.3e-05, 0.241843, 0.970316, 0.37472, 0.000172, -0.970316, 0.241842, -0.0, 0.0, 0.0, 0.0, 1.0],
                [1.0, -0.000195, 7.1e-05, -0.0, -4.3e-05, 0.141521, 0.989935, 0.37472, -0.000203, -0.989936, 0.141522, -0.0, 0.0, 0.0, 0.0, 1.0],
                [1.0, 1.6e-05, -1.7e-05, 0.0, -1.6e-05, 0.999988, 0.005196, 0.37472, 1.7e-05, -0.005195, 0.999986, -0.0, 0.0, 0.0, 0.0, 1.0],
                [1.0, -0.000188, -5.3e-05, -1e-06, 7.1e-05, 0.100788, 0.994908, 0.37472, -0.000181, -0.994908, 0.100786, -1e-06, 0.0, 0.0, 0.0, 1.0],
                [1.0, -0.000195, -7.8e-05, -0.0, 6.1e-05, -0.082653, 0.996578, 0.37472, -0.000201, -0.996578, -0.082654, 0.0, 0.0, 0.0, 0.0, 1.0],
                [1.0, -0.000279, -0.000108, 0.0, 7e-05, -0.131735, 0.991285, 0.374721, -0.000291, -0.991285, -0.131736, 0.0, 0.0, 0.0, 0.0, 1.0],
                [1.0, -0.000248, -0.000114, -0.0, 5.3e-05, -0.235038, 0.971986, 0.37472, -0.000268, -0.971986, -0.23504, -1e-06, 0.0, 0.0, 0.0, 1.0],
                [1.0, -0.000293, -0.000129, 0.0, 5.9e-05, -0.225894, 0.974152, 0.37472, -0.000314, -0.974152, -0.225895, 0.0, 0.0, 0.0, 0.0, 1.0],
                [1.0, -0.000322, -1.7e-05, 0.0, 3.5e-05, 0.056423, 0.998407, 0.37472, -0.000321, -0.998407, 0.056422, -0.0, 0.0, 0.0, 0.0, 1.0],
                [1.0, -0.000102, -5e-06, 0.0, 3.6e-05, 0.315185, 0.94903, 0.374721, -9.6e-05, -0.949031, 0.315185, 0.0, 0.0, 0.0, 0.0, 1.0],
                [1.0, -4e-06, 2.5e-05, -0.0, -6e-06, 0.922115, 0.386918, 0.37472, -2.4e-05, -0.386918, 0.922114, 0.0, 0.0, 0.0, 0.0, 1.0],
                [1.0, 1.3e-05, 1.7e-05, -0.0, -1.9e-05, 0.227955, 0.973672, 0.37472, 9e-06, -0.973672, 0.227955, -0.0, 0.0, 0.0, 0.0, 1.0],
                [1.0, -8.4e-05, -1e-06, 0.0, 3.2e-05, 0.368229, 0.929735, 0.37472, -7.7e-05, -0.929735, 0.368228, 0.0, 0.0, 0.0, 0.0, 1.0],
                [1.0, -0.000173, 5e-06, 0.0, 7e-05, 0.432032, 0.901858, 0.37472, -0.000158, -0.901858, 0.432032, 0.0, 0.0, 0.0, 0.0, 1.0],
                [1.0, 5.6e-05, 4.3e-05, -0.0, -4.4e-05, 0.029136, 0.999576, 0.37472, 5.4e-05, -0.999576, 0.029135, 0.0, 0.0, 0.0, 0.0, 1.0],
                [1.0, -9.7e-05, 0.000111, -0.0, 1.3e-05, 0.809256, 0.587457, 0.37472, -0.000147, -0.587457, 0.809255, 0.0, 0.0, 0.0, 0.0, 1.0],
                [1.0, 0.000125, 7.7e-05, 0.0, -7.3e-05, -0.023968, 0.999713, 0.37472, 0.000126, -0.999713, -0.023969, -0.0, 0.0, 0.0, 0.0, 1.0],
                [1.0, 3e-05, 2e-05, -1e-06, -2.3e-05, 0.107922, 0.99416, 0.37472, 2.8e-05, -0.99416, 0.107921, -0.0, 0.0, 0.0, 0.0, 1.0],
                [1.0, -2.6e-05, 5.9e-05, -0.0, 2.6e-05, 0.99999, 0.004714, 0.37472, -5.9e-05, -0.004713, 0.999988, 0.0, 0.0, 0.0, 0.0, 1.0],
                [1.0, -8.9e-05, 7.7e-05, -0.0, 6.5e-05, 0.963127, 0.269049, 0.37472, -9.8e-05, -0.269049, 0.963126, -0.0, 0.0, 0.0, 0.0, 1.0],
                [1.0, -9.1e-05, 7.3e-05, 0.0, 6.7e-05, 0.957218, 0.289366, 0.37472, -9.6e-05, -0.289366, 0.957218, 0.0, 0.0, 0.0, 0.0, 1.0],
                [1.0, -8.9e-05, 7.2e-05, 0.0, 6.4e-05, 0.956692, 0.291104, 0.374721, -9.5e-05, -0.291104, 0.956691, 0.0, 0.0, 0.0, 0.0, 1.0],
                [1.0, -8.9e-05, 7.2e-05, 0.0, 6.4e-05, 0.956692, 0.291104, 0.374721, -9.5e-05, -0.291104, 0.956691, 0.0, 0.0, 0.0, 0.0, 1.0],
                [1.0, -9.1e-05, 6.7e-05, -0.0, 6.4e-05, 0.94638, 0.323056, 0.37472, -9.3e-05, -0.323057, 0.946379, 0.0, 0.0, 0.0, 0.0, 1.0],
                [1.0, -9.1e-05, 6.7e-05, 0.0, 6.4e-05, 0.945976, 0.324238, 0.37472, -9.3e-05, -0.324239, 0.945975, 0.0, 0.0, 0.0, 0.0, 1.0],
                [1.0, -9.1e-05, 6.7e-05, 0.0, 6.4e-05, 0.946053, 0.324013, 0.374721, -9.3e-05, -0.324014, 0.946052, -1e-06, 0.0, 0.0, 0.0, 1.0],
                [1.0, -9.5e-05, 7.1e-05, -0.0, 6.8e-05, 0.949122, 0.314909, 0.37472, -9.7e-05, -0.314911, 0.949121, -0.0, 0.0, 0.0, 0.0, 1.0],
                [1.0, -9.5e-05, 7.1e-05, -0.0, 6.8e-05, 0.949122, 0.314909, 0.37472, -9.7e-05, -0.314911, 0.949121, -0.0, 0.0, 0.0, 0.0, 1.0]
            ]
        },
        {
            "name": "Knee_R",
            "time": [0.0, 0.3, 0.4333, 0.4833, 0.5667, 0.6, 0.6833, 0.75, 0.7833, 0.8833, 1.0167, 1.2, 1.3, 1.3667, 1.4333, 1.5167, 1.5667, 1.65, 1.75, 1.8167, 1.8833, 1.9667, 2.1167, 2.1833, 2.2167, 2.2667, 2.45, 2.5667, 2.75, 2.95, 3.0833, 3.1333, 3.1833, 3.25, 3.3167, 3.4, 3.55, 3.9, 4.0167, 4.05, 4.1, 4.25, 4.3667, 4.6, 4.75, 4.9167, 4.9833, 5.1833, 5.2667, 5.2833, 5.5167],
            "transform": [
                [1.0, 0.0, -1e-06, 0.0, -1e-06, 0.174389, -0.984677, 0.37472, -0.0, 0.984677, 0.174389, 0.0, 0.0, 0.0, 0.0, 1.0],
                [1.0, 0.0, -1e-06, -0.0, -1e-06, 0.174389, -0.984677, 0.37472, -0.0, 0.984677, 0.174389, -0.0, 0.0, 0.0, 0.0, 1.0],
                [1.0, 0.0, -0.0, 0.0, -0.0, 0.060408, -0.998174, 0.37472, -0.0, 0.998174, 0.060408, -0.0, 0.0, 0.0, 0.0, 1.0],
                [1.0, 0.0, -0.0, -0.0, -0.0, 0.197981, -0.980206, 0.37472, -0.0, 0.980206, 0.197982, -0.0, 0.0, 0.0, 0.0, 1.0],
                [1.0, 0.0, -0.0, -0.0, -0.0, 0.346881, -0.937909, 0.37472, -0.0, 0.937909, 0.346881, 0.0, 0.0, 0.0, 0.0, 1.0],
                [1.0, 0.0, -1e-06, 0.0, -1e-06, 0.314689, -0.949195, 0.37472, -0.0, 0.949195, 0.314689, 0.0, 0.0, 0.0, 0.0, 1.0],
                [1.0, 0.0, -1e-06, -0.0, -1e-06, 0.314689, -0.949195, 0.37472, -0.0, 0.949195, 0.314689, 0.0, 0.0, 0.0, 0.0, 1.0],
                [1.0, 0.0, -1e-06, -0.0, -1e-06, 0.314689, -0.949195, 0.37472, 0.0, 0.949195, 0.314689, -0.0, 0.0, 0.0, 0.0, 1.0],
                [1.0, 0.0, -1e-06, -0.0, -1e-06, 0.314689, -0.949195, 0.37472, -0.0, 0.949195, 0.314689, 0.0, 0.0, 0.0, 0.0, 1.0],
                [1.0, 0.0, -1e-06, -0.0, -1e-06, 0.314689, -0.949195, 0.37472, -0.0, 0.949195, 0.314689, -0.0, 0.0, 0.0, 0.0, 1.0],
                [1.0, 0.0, -1e-06, 0.0, -1e-06, 0.314689, -0.949195, 0.37472, 0.0, 0.949195, 0.314689, -0.0, 0.0, 0.0, 0.0, 1.0],
                [1.0, 0.0, -1e-06, 0.0, -1e-06, 0.314689, -0.949195, 0.37472, 0.0, 0.949195, 0.314689, 0.0, 0.0, 0.0, 0.0, 1.0],
                [1.0, 0.0, -1e-06, -0.0, -1e-06, 0.314689, -0.949195, 0.37472, -0.0, 0.949195, 0.314689, 0.0, 0.0, 0.0, 0.0, 1.0],
                [1.0, 0.0, -1e-06, 0.0, -1e-06, 0.314689, -0.949195, 0.37472, 0.0, 0.949195, 0.314689, 0.0, 0.0, 0.0, 0.0, 1.0],
                [1.0, 0.0, -1e-06, 0.0, -1e-06, 0.314689, -0.949195, 0.37472, 0.0, 0.949195, 0.314689, 0.0, 0.0, 0.0, 0.0, 1.0],
                [1.0, 0.0, -1e-06, 0.0, -1e-06, 0.314689, -0.949195, 0.37472, -0.0, 0.949195, 0.314689, 0.0, 0.0, 0.0, 0.0, 1.0],
                [1.0, 0.0, -1e-06, -0.0, -1e-06, 0.314689, -0.949195, 0.37472, 0.0, 0.949195, 0.314689, -0.0, 0.0, 0.0, 0.0, 1.0],
                [1.0, 0.0, -1e-06, 0.0, -1e-06, 0.314689, -0.949195, 0.37472, 0.0, 0.949195, 0.314689, -0.0, 0.0, 0.0, 0.0, 1.0],
                [1.0, 0.0, -1e-06, 0.0, -1e-06, 0.314689, -0.949195, 0.37472, -0.0, 0.949195, 0.314689, -0.0, 0.0, 0.0, 0.0, 1.0],
                [1.0, 0.0, -1e-06, -0.0, -1e-06, 0.314689, -0.949195, 0.37472, -0.0, 0.949195, 0.314689, -0.0, 0.0, 0.0, 0.0, 1.0],
                [1.0, 0.0, -1e-06, 0.0, -1e-06, 0.314689, -0.949195, 0.37472, -0.0, 0.949195, 0.314689, 0.0, 0.0, 0.0, 0.0, 1.0],
                [1.0, 0.0, -1e-06, 0.0, -1e-06, 0.314689, -0.949195, 0.37472, 0.0, 0.949195, 0.314689, 0.0, 0.0, 0.0, 0.0, 1.0],
                [1.0, 0.0, -1e-06, 0.0, -1e-06, 0.314689, -0.949195, 0.37472, 0.0, 0.949195, 0.314689, 0.0, 0.0, 0.0, 0.0, 1.0],
                [1.0, 0.0, -1e-06, 0.0, -1e-06, 0.314689, -0.949195, 0.37472, -0.0, 0.949195, 0.314689, -0.0, 0.0, 0.0, 0.0, 1.0],
                [1.0, 0.0, -1e-06, -0.0, -1e-06, 0.314689, -0.949195, 0.37472, -0.0, 0.949195, 0.314689, 0.0, 0.0, 0.0, 0.0, 1.0],
                [1.0, 0.0, -1e-06, -0.0, -1e-06, 0.314689, -0.949195, 0.374719, 0.0, 0.949195, 0.314689, -0.0, 0.0, 0.0, 0.0, 1.0],
                [1.0, 0.0, -1e-06, 0.0, -1e-06, 0.314689, -0.949195, 0.37472, -0.0, 0.949195, 0.314689, -0.0, 0.0, 0.0, 0.0, 1.0],
                [1.0, 0.0, -1e-06, -0.0, -1e-06, 0.314689, -0.949195, 0.37472, -0.0, 0.949195, 0.314689, 0.0, 0.0, 0.0, 0.0, 1.0],
                [1.0, 0.0, -1e-06, 0.0, -1e-06, 0.314689, -0.949195, 0.37472, 0.0, 0.949195, 0.314689, 0.0, 0.0, 0.0, 0.0, 1.0],
                [1.0, 0.0, -1e-06, -0.0, -1e-06, 0.314689, -0.949195, 0.37472, -0.0, 0.949195, 0.314689, -0.0, 0.0, 0.0, 0.0, 1.0],
                [1.0, 0.0, -1e-06, 0.0, -1e-06, 0.314689, -0.949195, 0.37472, -0.0, 0.949195, 0.314689, 0.0, 0.0, 0.0, 0.0, 1.0],
                [1.0, 0.0, -1e-06, 0.0, -1e-06, 0.314689, -0.949195, 0.37472, 0.0, 0.949195, 0.314689, -0.0, 0.0, 0.0, 0.0, 1.0],
                [1.0, 0.0, -1e-06, 0.0, -1e-06, 0.314689, -0.949195, 0.37472, -0.0, 0.949195, 0.314689, -0.0, 0.0, 0.0, 0.0, 1.0],
                [1.0, 0.0, -1e-06, -0.0, -1e-06, 0.314689, -0.949195, 0.37472, -0.0, 0.949195, 0.314689, 0.0, 0.0, 0.0, 0.0, 1.0],
                [1.0, 0.0, -1e-06, -0.0, -1e-06, 0.314689, -0.949195, 0.37472, 0.0, 0.949195, 0.314689, 0.0, 0.0, 0.0, 0.0, 1.0],
                [1.0, 0.0, -1e-06, 0.0, -1e-06, 0.314689, -0.949195, 0.37472, 0.0, 0.949195, 0.314689, 0.0, 0.0, 0.0, 0.0, 1.0],
                [1.0, 0.0, -1e-06, 0.0, -1e-06, 0.314689, -0.949195, 0.37472, -0.0, 0.949195, 0.314689, 0.0, 0.0, 0.0, 0.0, 1.0],
                [1.0, 0.0, -1e-06, -0.0, -1e-06, 0.314689, -0.949195, 0.37472, -0.0, 0.949195, 0.314689, 0.0, 0.0, 0.0, 0.0, 1.0],
                [1.0, 0.0, -1e-06, -0.0, -1e-06, 0.314689, -0.949195, 0.37472, -0.0, 0.949195, 0.314689, 0.0, 0.0, 0.0, 0.0, 1.0],
                [1.0, 0.0, -1e-06, -0.0, -1e-06, 0.314689, -0.949195, 0.37472, 0.0, 0.949195, 0.314689, -0.0, 0.0, 0.0, 0.0, 1.0],
                [1.0, 0.0, -1e-06, -1e-06, -1e-06, 0.314689, -0.949195, 0.37472, -0.0, 0.949195, 0.314689, -0.0, 0.0, 0.0, 0.0, 1.0],
                [1.0, 0.0, -1e-06, 0.0, -1e-06, 0.314689, -0.949195, 0.37472, -0.0, 0.949195, 0.314689, 0.0, 0.0, 0.0, 0.0, 1.0],
                [1.0, 0.0, -1e-06, -0.0, -1e-06, 0.314689, -0.949195, 0.37472, -0.0, 0.949195, 0.314689, -0.0, 0.0, 0.0, 0.0, 1.0],
                [1.0, 0.0, -1e-06, -0.0, -1e-06, 0.314689, -0.949195, 0.37472, -0.0, 0.949195, 0.314689, -0.0, 0.0, 0.0, 0.0, 1.0],
                [1.0, 0.0, -1e-06, 0.0, -1e-06, 0.314689, -0.949195, 0.37472, 0.0, 0.949195, 0.314689, 0.0, 0.0, 0.0, 0.0, 1.0],
                [1.0, 0.0, -1e-06, 0.0, -1e-06, 0.314689, -0.949195, 0.37472, 0.0, 0.949195, 0.314689, 0.0, 0.0, 0.0, 0.0, 1.0],
                [1.0, 0.0, -1e-06, -0.0, -1e-06, 0.314689, -0.949195, 0.37472, -0.0, 0.949195, 0.314689, -0.0, 0.0, 0.0, 0.0, 1.0],
                [1.0, 0.0, -1e-06, 0.0, -1e-06, 0.314689, -0.949195, 0.37472, -0.0, 0.949195, 0.314689, 0.0, 0.0, 0.0, 0.0, 1.0],
                [1.0, 0.0, -1e-06, 0.0, -1e-06, 0.314689, -0.949195, 0.37472, -0.0, 0.949195, 0.314689, -0.0, 0.0, 0.0, 0.0, 1.0],
                [1.0, 0.0, -1e-06, 0.0, -1e-06, 0.314689, -0.949195, 0.37472, 0.0, 0.949195, 0.314689, 0.0, 0.0, 0.0, 0.0, 1.0],
                [1.0, 0.0, -1e-06, 0.0, -1e-06, 0.314689, -0.949195, 0.37472, 0.0, 0.949195, 0.314689, 0.0, 0.0, 0.0, 0.0, 1.0]
            ]
        },
        {
            "name": "Thigh_L",
            "time": [0.0, 0.3, 0.3667, 0.4333, 0.4833, 0.5333, 0.5667, 0.6, 0.6833, 0.75, 0.7833, 0.8833, 1.0167, 1.2, 1.3, 1.3667, 1.4333, 1.5167, 1.5667, 1.65, 1.75, 1.8167, 1.8833, 1.9667, 2.1167, 2.1833, 2.2167, 2.2667, 2.45, 2.5667, 2.75, 2.95, 3.0833, 3.1333, 3.1833, 3.25, 3.3167, 3.4, 3.55, 3.9, 4.0167, 4.05, 4.1, 4.25, 4.3667, 4.6, 4.75, 4.9167, 4.9833, 5.1833, 5.2667, 5.2833, 5.5167],
            "transform": [
                [0.967965, -0.244143, -0.058635, -0.125006, -0.138318, -0.713386, 0.686984, -0.002831, -0.209552, -0.656866, -0.724303, -1.2e-05, 0.0, 0.0, 0.0, 1.0],
                [0.967965, -0.244142, -0.058635, -0.125006, -0.138318, -0.713387, 0.686984, -0.002831, -0.209552, -0.656866, -0.724303, -1.2e-05, 0.0, 0.0, 0.0, 1.0],
                [0.977393, -0.185318, -0.101779, -0.125006, -0.061009, -0.708114, 0.703457, -0.002831, -0.202434, -0.681345, -0.703412, -1.2e-05, 0.0, 0.0, 0.0, 1.0],
                [0.981254, -0.111774, -0.156994, -0.125006, 0.036475, -0.69219, 0.720793, -0.002831, -0.189236, -0.713007, -0.675137, -1.2e-05, 0.0, 0.0, 0.0, 1.0],
                [0.870258, 0.061919, 0.48869, -0.125006, -0.370394, -0.571769, 0.732043, -0.002831, 0.324746, -0.818074, -0.474653, -1.2e-05, 0.0, 0.0, 0.0, 1.0],
                [0.980537, 0.160324, 0.113327, -0.125006, -0.012863, -0.523519, 0.851916, -0.002831, 0.195911, -0.836793, -0.511268, -1.2e-05, 0.0, 0.0, 0.0, 1.0],
                [0.996543, 0.02674, -0.078661, -0.125006, 0.080061, -0.562057, 0.823214, -0.002831, -0.022199, -0.826666, -0.562255, -1.2e-05, 0.0, 0.0, 0.0, 1.0],
                [0.867645, -0.496174, -0.031677, -0.125006, -0.474702, -0.84567, 0.243925, -0.002831, -0.147818, -0.196603, -0.969277, -1.2e-05, 0.0, 0.0, 0.0, 1.0],
                [0.858014, -0.512956, -0.026211, -0.125006, -0.488666, -0.830971, 0.265878, -0.002831, -0.158164, -0.215318, -0.96365, -1.2e-05, 0.0, 0.0, 0.0, 1.0],
                [0.819219, -0.573473, 0.002956, -0.125006, -0.555245, -0.791869, 0.254254, -0.002831, -0.143467, -0.209931, -0.967133, -1.2e-05, 0.0, 0.0, 0.0, 1.0],
                [0.811576, -0.5842, -0.007481, -0.125006, -0.571972, -0.797069, 0.193719, -0.002831, -0.119134, -0.152938, -0.981029, -1.2e-05, 0.0, 0.0, 0.0, 1.0],
                [0.962819, -0.267288, -0.039221, -0.125006, -0.109768, -0.519726, 0.847251, -0.002831, -0.246845, -0.811444, -0.529743, -1.2e-05, 0.0, 0.0, 0.0, 1.0],
                [0.766825, -0.627468, -0.13514, -0.125006, -0.639986, -0.731388, -0.235559, -0.002831, 0.048966, 0.267121, -0.962419, -1.2e-05, 0.0, 0.0, 0.0, 1.0],
                [0.777604, -0.605117, -0.17078, -0.125006, -0.627527, -0.729944, -0.270905, -0.002831, 0.039269, 0.317826, -0.947336, -1.2e-05, 0.0, 0.0, 0.0, 1.0],
                [0.8916, -0.450881, -0.041923, -0.125006, -0.081385, -0.250629, 0.964656, -0.002831, -0.445452, -0.856674, -0.260156, -1.2e-05, 0.0, 0.0, 0.0, 1.0],
                [0.923205, -0.333687, -0.190647, -0.125006, -0.085103, -0.661269, 0.745305, -0.002831, -0.374768, -0.671844, -0.638886, -1.2e-05, 0.0, 0.0, 0.0, 1.0],
                [0.996907, -0.054747, 0.056387, -0.125006, -0.0765, -0.511553, 0.855838, -0.002831, -0.018009, -0.857505, -0.51416, -1.2e-05, 0.0, 0.0, 0.0, 1.0],
                [0.746863, -0.664891, -0.010768, -0.125007, -0.507481, -0.58036, 0.636901, -0.002831, -0.429719, -0.470213, -0.77087, -1.1e-05, 0.0, 0.0, 0.0, 1.0],
                [0.746863, -0.664891, -0.010767, -0.125007, -0.507481, -0.58036, 0.636901, -0.002831, -0.429719, -0.470214, -0.77087, -1.1e-05, 0.0, 0.0, 0.0, 1.0],
                [0.73972, -0.670633, -0.055373, -0.125006, -0.518136, -0.620148, 0.589024, -0.002831, -0.429359, -0.407022, -0.806216, -1.2e-05, 0.0, 0.0, 0.0, 1.0],
                [0.792452, -0.470923, -0.387625, -0.125005, -0.325138, -0.863845, 0.384778, -0.002831, -0.516049, -0.178886, -0.837671, -1.1e-05, 0.0, 0.0, 0.0, 1.0],
                [0.846785, -0.483048, -0.222758, -0.125006, -0.253531, -0.734644, 0.629301, -0.002831, -0.46763, -0.476406, -0.744553, -1.2e-05, 0.0, 0.0, 0.0, 1.0],
                [0.84271, -0.495663, -0.210138, -0.125006, -0.230355, -0.684764, 0.6914, -0.002831, -0.486597, -0.534243, -0.691237, -1.1e-05, 0.0, 0.0, 0.0, 1.0],
                [0.854436, -0.483813, 0.189383, -0.125006, -0.515008, -0.740551, 0.431682, -0.002831, -0.068606, -0.466378, -0.881921, -1.3e-05, 0.0, 0.0, 0.0, 1.0],
                [0.908319, -0.414449, 0.056462, -0.125006, -0.220504, -0.359751, 0.906618, -0.002831, -0.355435, -0.835948, -0.418158, -1.2e-05, 0.0, 0.0, 0.0, 1.0],
                [0.894686, -0.407783, 0.182349, -0.125006, -0.281016, -0.196499, 0.93937, -0.002831, -0.347228, -0.891684, -0.290399, -1.2e-05, 0.0, 0.0, 0.0, 1.0],
                [0.998495, -0.021821, -0.05033, -0.125006, -0.051658, -0.682729, -0.728843, -0.002831, -0.018458, 0.730345, -0.682829, -1.2e-05, 0.0, 0.0, 0.0, 1.0],
                [0.865812, -0.490434, -0.099215, -0.125006, -0.302432, -0.670889, 0.677083, -0.002831, -0.398628, -0.556221, -0.729188, -1.1e-05, 0.0, 0.0, 0.0, 1.0],
                [0.971272, -0.214855, 0.102312, -0.125006, -0.189145, -0.436097, 0.879796, -0.002831, -0.144411, -0.873873, -0.464209, -1.2e-05, 0.0, 0.0, 0.0, 1.0],
                [0.967244, -0.252822, 0.022798, -0.125006, -0.142675, -0.467161, 0.872584, -0.002831, -0.209959, -0.847255, -0.487931, -1.2e-05, 0.0, 0.0, 0.0, 1.0],
                [0.900808, -0.152037, -0.40673, -0.125006, -0.07347, -0.976558, 0.202324, -0.00283, -0.427957, -0.152373, -0.890863, -1.2e-05, 0.0, 0.0, 0.0, 1.0],
                [0.88582, -0.136236, -0.44358, -0.125006, -0.043549, -0.976118, 0.212828, -0.002831, -0.461982, -0.169209, -0.870598, -1.2e-05, 0.0, 0.0, 0.0, 1.0],
                [0.892926, -0.13291, -0.430138, -0.125006, -0.062528, -0.98278, 0.17387, -0.002831, -0.445842, -0.128357, -0.885861, -1.2e-05, 0.0, 0.0, 0.0, 1.0],
                [0.855059, -0.432945, -0.285366, -0.125006, -0.301265, -0.862709, 0.406167, -0.00283, -0.422036, -0.261325, -0.868099, -1.2e-05, 0.0, 0.0, 0.0, 1.0],
                [0.884891, 0.009709, -0.465697, -0.125006, 0.07175, -0.990691, 0.115681, -0.002831, -0.460239, -0.135779, -0.877351, -1.1e-05, 0.0, 0.0, 0.0, 1.0],
                [0.844252, -0.529246, -0.08449, -0.125006, -0.371164, -0.691087, 0.620189, -0.002831, -0.386623, -0.492236, -0.779889, -1.2e-05, 0.0, 0.0, 0.0, 1.0],
                [0.758006, -0.574249, -0.309296, -0.125006, -0.585025, -0.808252, 0.066879, -0.002831, -0.288395, 0.130252, -0.948611, -1.1e-05, 0.0, 0.0, 0.0, 1.0],
                [0.787483, -0.295251, -0.541016, -0.125006, -0.510891, -0.803711, -0.30502, -0.002831, -0.344764, 0.516598, -0.78375, -1.2e-05, 0.0, 0.0, 0.0, 1.0],
                [0.80402, -0.491843, -0.33413, -0.125006, -0.54165, -0.837655, -0.070339, -0.002831, -0.24529, 0.237536, -0.939899, -1.3e-05, 0.0, 0.0, 0.0, 1.0],
